09194010048180864819489472487170925197366 8
7594162656651870583540432987978452660070394 -7
0472172038879027517831759353440230131860 -7
3536532092900931201660958753163781221509495 -7
5952955404114844616410229677895 12
438876339460058178873724404336024276 -7
252319675123611788061242853102990998706 6
9502824297857923801138824921060 13
9153276994032571226573996116380769755567 7
73273637213997416473884808427389022260916680 4
851784985247372982105129159170882144546509402 -4
573180179350689477089675887809295152203496 7
888688421814976623296697222199191 -12
6365089498218146249904194584807158609160 -5
72981329839470512205593098711202893517833 -5
1017606654952221790938242761120031868370765 -4
7620857202881624054233809051972 13
450605788458857629858304703742476794 -7
18679300565874954005090676255829933988128263 -4
731335194113844658277464901671220265 -10
245165660064695335544105639793448913000218 -7
491011197784739717922187090495238468 -9
8115500811758962973060093288469533133 -9
39127255394305357180302257117748547186413 8
679125079415594246104774495199011 12
1764926992068627733263738778620058018 9
291686736291118929849831984453575087631 -9
85965210892718924270708887270941960 -8
66640161174428474000268819670483723 -10
6983258353332813226100900566151055109261 -5
41030554133359295139378828174551449 -10
425148398176291342299724724318 13
660721124242205332500594054841849978 -10
86133701165671152774986007315793 11
921748932367323819699922561164018884852 9
557230065560372031237061768692 12
550460400016390256541896825599814348688699 7
1087583042840602766714248292492890 11
687487103703366606971091772842535554 -7
79779334447700212343613698481654006705 9
70560366643725760685001851789578808 -11
052363452834146884420859013005527399 10
7700825101552770325304361664906695635211 7
6518887132890732140473087087005 13
51381337987004037117575930639815508506889721 5
03189961970981480652148088290912403 10
8296774429336323824286493237976870887950 8
02046210063696656388523087118815233 9
306090942245360533642628254088829430864737518 -6
22560191081741855210608903983609233339 9
39372102722220657805694787165907 -9
046761135186119709192225834252928 -12
6446180744242894200303507553973269777 -7
53125719553211932815660244126 13
515610120792714107887998152059973894842507 7
327254947786253941333558249014399142811177769 -6
8091177882070115087059407532539718 11
445990289151244811180495881785426355270 9
670203226720499444769407288635776403 -10
9239762893494210075400800969278672444 9
621358231553188160473317935554480672996402 -6
703235138241869846219551798469371613677 6
323893093934964296988201543085286055824662060 6
010245711561790084816914549740380634695 8
14642067228928114582770312880870957 -11
525895746220511520429401578748 11
2894943018448933222042648721671675 10
7784060020704404277784812861934852 11
8725096800825456068877986541222256564104114 -4
31138269481866346770754459136 -12
26672983429665285362313074054190290 -9
5966194358608775083388030450730532619 -10
4587899060107123081171490809955319862832 5
7344357732235569004136386408602497227 -9
457080501751814871066752882095 13
24205081058986404881083047391 -14
992296217040699747036676460094021147252 -8
740591251637126068864252061128930 -11
140967170154574433137211025083904994873705935 6
9765082230722547667155188259754 -11
447933280533267152179703979996 -13
92728605005070770172372992919856143 -11
502219676448410772118672466554208960588189 6
16510918697644946334450969790081572872 9
956669479994818177003676707933432 10
59169181260692794721029866605349528205587034 -5
10055852764148929036115510057922 12
287894689116607606463394095071898751 -9
561785992006666763810748772025427 11
317449370914450408507087681605178274689181995 -6
929730862246739309286500533943420 -12
04915479087627591290924726966821 -12
9452505124666725758496913932880892404115477 7
9053869368398830148791750806667229457 10
4778460698710730016154144201277983696688 -6
6741308119416607831868874368057271706 10
9029889439172507872942045369415364218032087 6
60645003992387442265044782004526558128391 7
2369294199323382991158541505108785500830 -7
76362850611164077353033807731 -14
0831641827908089614805059044239 -13
879378583076184711167734468066333186959901920 -6
504328500075188483812844725311977975360 -8
04249850885855886511204656100443396402996 7
978012785410772522971099982609025153103 -9
22225476382145621084609709811 -14
101930827109752467598778258335932652 -10
845869159191177258292102152960829055348 8
13314017839553080500128750378896 12
95892561073956723465590600009882248521414793 6
6211374267350654307200282567185667710115420 7
93200122486783555195582058728 14
04998417468134883049513248576996937 11
35815944937056438126759577862035624808 9
662813891847421587886420022540595169 10
169917110221705392993896087585835 12
084583920052734133833898418415194042792157 -4
882629410447038971009517455565054 -11
2525706851726107241724837209666996 11
678785010793758020973117142894416 -12
431574788557892724728472099881 -13
352880718156121301881580306359065054274 -6
1473162123368820528216100458976299359970063 -7
8095100367455162125026003321322746188134793 -6
82422545104681119699581185925777995403638 -7
8871811509174720552678587866653172005 -10
72339277392059510702637598752 -14
105257167142516481251428866958354220084497 7
66670519565419199595973117437 -14
707624148731771132960429904716636364 -10
6260281735265991501422009824886149907558581 -7
453891250147193160032012779087805 -12
004556805611409723389214834542720722841509583 -5
5850756120012717122980859406787327 11
0963114319609600658993693818045 13
4669572075812616771147231370025339213893205 -7
913105456337170351901081786478038 11
1930724069024296100564850422798826698881 -6
2287377638417538159087835812209173299361195 -4
60051999743089745527988555130972330121124123 -5
218338596981120715939760488879766 -10
61299967101391124510800602380948658953568 -8
5496643466059746513568174051532100074133107 4
3561990394293040107261570879940433163 -9
08448115374113348565006224185215366467593 -8
5457468569653657437213662041215 -10
14062921491899467304541783916149885 -11
009029460464139954454965011879206753373 -7
07679941934111159070453166843337974236076 -8
1673661047147221854479447260928058270996129 7
624225081002508558044956824274991814863110 4
95226670744240005914216776109727296199186188 -3
92976559910548452519129020182114 -12
69759602018252211897988569700961174848655605 6
56821356546633800192259665057933309911 -7
32111941190081748709945488449622573057090585 -4
09379912995431560397761760856673763013 9
47924383260584686083328941481730 10
783421255086185086621689650283604454105 8
3534652044188371890907512870277488107301315 -6
71859710917547792076140058156006 -12
855075129641170221145805820995994074691786 -7
950951348293355587932543609903260266076 -9
024469209199126183474296411014229886 -10
715447800522900150253255109471112 -10
009861754466412900961007216857 -13
00966881562951221504568079113660105 -11
047569984194010007023448895555698173461812 4
07532128539072653526038512073009531492117 6
884645796697812839827112622984101 -12
5120089593313719952212826914312753387879808 -4
1770576863901331358459920389956 12
95239178320799362850801301217119283902 9
50829547322100595756029472664529 10
656302872539177770990682208047259826418939 4
263262318561788119055905275433332 -12
11915689620956687645998762774889875521171424 -4
090747066116829725185260948459 13
59991210163556325551998892266612 -9
982755614262422219539814004681590445077 -9
978548406502399502831448478458317799916577260 -6
11209984670227729817209204570850 -10
332245505901338497703938967829001 -11
4124966470127036209907044472119529 -11
56422109738773755187016656096611423250959937 6
597386992852873704318255688314227 -12
68559936517155648222799622425798 9
96702036239791345677626972695124 -12
150166262977697653658780733153120080353 -6
3492345213478119120447292427709 -11
74423639475185753755099471428 -14
83192882231073021152199802883617700377505375 3
81950075813786395709422810926885311 -10
819271113999082343348980254910513670053450 4
23629659955009373324422381690462355696445 6
2190150210516027768700966194723224445 -10
1807639496988603693623254232364 12
078312214810160279794886042124986780173706 6
97007700540682343844968934611340779313189 -8
85481952001635680300763193122210 -11
890044583500394040967575995252884914677681661 -4
2391016371071944172558697718568732 10
2918531470424199488074400967185036 9
4548128537046599015078892064780 10
771712448441066082791229465696678 10
931050346975636914331379219826 12
074577099701559715725622822533283 -11
34658279300315386707701550013 12
6022963599568862611729260851180384289 -7
6733637163460045990829207707381 -13
88917647953353811735522375897 -14
117239877225530571561108402252081580788744034 6
241551603910061154985588143546497800894382 -7
244102000574125901647586865548589399247 9
2999962662169149711214820473782157047648 -8
19858641789653296765945815845633638941700 7
0287983261289419863109804732129466266318901 6
90529945781248792582061730446228036496 9
367555206967751959949008786174462 -12
217198022822183476193400518756588 -12
0131797588483333159577126391079200196798865 7
234987266236099294114668509459 -13
370115397190306378008051255132149929267 -8
8168872461665681856813422929315395155 -9
827516311193832744449302794127176498583076325 -6
8615735299726937729916032879708343682565362 7
520900431687787532067523238827703508935 -9
4709883028638404683696011268022971457056 8
258245795620884385103822906332015780665 -8
169650819358152862042744493714828550 7
9590095195740858446554923146193 -13
388030497113097798857554201274610095 8
500771817509482343731499424934663 -9
17298554496290554188618584504740991606912167 -3
42988962801838726000642284972615379119 -6
0956923066409567767763040903887119 -11
5476847278277130519676229895154159115244 5
61454048853098196481055962738257018516 -9
1078558230881087085796176251063341907332 -7
94291884949082093248247777041800093652 9
3987463688146264532638057650078545587203 -5
852851716754194114550021605004727907494826 -4
902761020096901914261802387397486581169463 -7
673959711634669487268079202874864 -11
02424528896692785010993955485 -14
814767970316228176491797100506149559603 7
0624915991442910458050990671058622515288 7
19319980149110086946806630022 -14
2345072875902335381162552312615 -13
51389938671698536971859194712887657013 9
499688914278960530790385185742057 -12
011613443986655180743371207947912 -12
20191470917853570614445873859377559634393400 4
27922046191580115189769254020495944 -10
59106609162112970662783934416349 12
75081073175744085768257522290561008823 9
0225411290912620001975870591827818 -9
841518296086264184499759946298857661 9
9687321880960492290059508301452 11
33985670860362281082329221501944054831341480 6
9897457766725412103907462005754962625624 -5
78501444168161859379201412939907544829 -9
8002111430320819814761249959758 -13
318874455917731906989833129371816666693508005 -4
455012667276197503834099346211079106571370 -7
968069097857268965162320013362529810583589 7
92877436783234824450794849278701031590558330 6
268810907202490462170184472093 -11
139279100047364225033165575177220806138781293 -5
60542407044513128655980548308194652209 -8
06557698641878231597805928824 -13
999032114594784251504109151577889887000837742 3
83540920882649899358973470210663978220204 -8
33925728288072898623712177351679013 -10
9442049912712562644808959000912406 -11
88784104470427367467962784038112800 11
8082503452276689011162427293181083383400 8
918996751189001842966477224586 -12
64553939378586679376316111210056135958 9
871672407437781221284309927200161 12
514014008308886818369753609167 13
5138028500840793184937506547403571198 -10
96087633640849528326765447803438647027 9
89661774162067008238836290960839778341950449 -4
921567211969140960460092070226298836414 -9
26810683609338460007449613196788409183 9
158245755269531059600213303631992778937107428 -3
3314868635435111492190646178360080436 -9
42298424950850879186157855481 -11
141727817925708234136251001856 12
54098318918894375130335367651724991970 -9
5176976434182959153185936931373940458452 8
24634219844392703876854715883178 -12
94813451887276333711779756990181663963550869 -3
92897313132670091776953345904982532 11
8088571223646536222859602507954 -13
99214328120757266425194264634 -14
88538358499517743835984350352904241276 8
5831700254904768741569705206465497219 -8
0237055914790570326632632121079692 -8
900929818706989082887614673203 -12
754456762448210286708713387035 13
07388821889673019633536797290053640179741418 -5
8138754955388550735478077111401160930 10
791465400105773188398483770338835 -11
1531143311677675154290025843226772363556407 -7
0954101031498201122520327123760753834897 -7
641433444840236709269600662158009 -10
87585995095424850913931570914737 12
1546691792426102490777266774843 -13
11439918012344402805256302421032538598 8
13098828336611448777519007711263786900 -8
4784273600811984326035552368834 13
2959589054302773949309227724052558488466017 -5
42825621689029877601081406404934208182 9
166192044801322486467964940270789887022069 -4
639418280158942180380847696699 13
680277212092926479444104765918 13
611411208885422786896269784427 13
35151890319410735880489838011 -13
4513305967766614991422866244889240215521 -8
2299286672941355908019913305005 12
506509012690408623923751124443168754486998 -7
01016711688211990693400423733057377 -11
6531498191138355097321913770286 13
5015971806791726627750279304302381581 -9
67540782609777008916897492093932224240333 -5
42460781200178531676120125746449590656102 -8
3078715582003577774321255035440396423449908 -4
77967134013117676640782953601509356 11
34995022768734050291589547691 -14
845403067780467603526210882906184 -12
977748544059370271761184568942252569519002 6
977655443845722555773388483442073 12
20179702521469954091102961050831 10
163155446971166882872339904894492288051009 5
011059715612208928320165500157578398799373 -7
134897565670739835098797602079900 12
821032910429512608349512925916954 -12
21279938354878629324246451290977178159 -9
730188004906462428137709875092 -13
08449491267986660651236050221278 -9
7240701494110463359668954831034009378966 -5
691103381986902834839236701805706950646941328 4
28592280758126229768535597000879586416769 -8
15105540797828546877014509832770940561148 8
81443530557518362333779129608771 -11
57206544932290494755558313339883 -10
560859866363619116231179788421 10
68060026528809817454609940928644641918293272 6
6907488066308111028201182408159794 -10
808751343817227839887113652376473505551 -9
64676849890655920023201177141801760 -11
52585437188552351878978707431330237496211 -7
852708325863729134905585982504291433064 8
989101065998558081333966788903 12
495313436708663810933587417411292748918608696 -6
5490954876769869244262814648811 -10
56988823892807483442112913413522 12
214225189991402289311160957055027037786709888 3
6871607895843770225618357128893403 -10
88540666127557230284379106993099 -11
647431018537326777892393476396696908820840904 4
5220423004499621504115267555611199847 -10
7997279664885119997431048846824268271 10
5576510010765595146327966948817 -13
771742006863167729846993708645943552015908 -6
136524054204377346605236422679986 -12
788469512749911834094095058915566750610180 5
40211718537281506975871756845174095348322 -7
28380535732984210003918240667801 -12
11655950061951029526568971678829808731680220 6
141470279600344220140925278164783 -12
7528838328423284212957153313197158957914 7
894630589403819181184460491278913033696634 6
006894714829288170460210819355385704296395 7
3996965869758629750801173052220576132330268 4
2124627577403219890874933467412348187389198 5
85013535839846378011775457717353104 -11
44409189407980973359498887520480703 -11
77495846078162010078759118632 -11
7922196603131942432598968138948110203842 -7
049571871147333253297886111930 -11
1255530356316108308065272316937817610 -10
50353124400606601307347681789227 12
864272082599721529046146802718 -12
846468506197278702342816198840223121737 -9
32789135689700975128807149921274152702385 -6
131921307206198079910412422244385773 -10
300520094595622659724098637751072253116769761 -6
443815483999037630838162809708545 11
948286510099572401558795377833905048671 8
156399983331931931962040715014685465088058 -6
69987789655638539350963877855722302736692214 5
3900806202318248854476229298448611900969 -7
1539115378988077003518573792335904758024190 7
9458503834898641175540437996505897076394318 -6
84982447342451746192091982526986251895610 6
120038795124101032889281851955062205734459363 3
136133152160928559860900121638366732 -9
16799440141136474417661303390667 -12
852927229132432165131169355967599546317773064 6
59589960259486784803670986894241744300015777 6
765629112908962166409563400904311 12
432510309564333939995528666906160700 10
05652998067527995291300467888923467857472664 -5
021993007940879118054351651106894484 8
53292592362990849330800828800143923841 7
549891427214184799357521118737825994087585 6
057210135846095170207465995902112722753 -9
42799567543271102987655926541495 -11
279919055305228321924115418099275870573068 -7
14288251237794785837451273419285921457150 7
8445424205002604727126462999056906559111 8
7376547729891175573355102185994939083 -10
92194677153061751241077144742292842 -11
038372150989188570902287772215579205018991 -7
03492985038560218900589466665939450 -11
05798755583272915369469054048017703042786369 5
7841084065716670084167851453456739 -9
03088522571738921028829279748565597459371441 -4
01353163110648288849963701387062 -12
286199619201187166644961947252952404 -9
38450951186190880560633825545989434699044 6
403192838628696513254965385836251193528 -8
5497752212087623470585338977511529004880 8
359534585588819371854714317870099330691 -7
706825186774506313453801833638998271155509 7
7158323602514344524609271543662 13
8854375599518817794144719668496420800103107 4
331235704667742622811688336904112448508810 -4
365269031951967375046446157930172 -9
367827617513709605410900144195085427613493663 -5
68074944252463354150919722787650088 -10
550116073301373761957630126398875676 -8
068640290601007163193178426399679 11
1391788352895020533297804511173418034908767 4
052111982294795445187389647124125386682847670 -6
5916612604961359306655921550378 -11
6631292561569312958769451722402177 -11
231292083549667236566100267409049120 -10
83258510009857137807011087355543837613 -9
6593042941529092143976443673069862372701 7
2067370773829988183938631521844107 11
32925314599420378318302992324401916568 9
79479589126879136196883202669427183852031 6
719887368259556753687937301354491578 7
6522388550979127454314499045778594289281018 -4
119025135931901956780588514953 11
913273531674402898361363462219068 -12
21019480442256891552262074944755116507917 -5
4549821725077934729888042101825290 -10
94520075406834892669034830483381939 -11
058101345910599763139006547071497593277621 6
463484556224479076996626101059579291220 6
913166712523556218605234380880788963992605709 -6
105696066164725831393163140388919590830 -8
952699477963978807428346746504306533 9
5367054529712844772332588197857 11
153738707171979319901288790069313838842 -9
0610783440424326652987588663098309849542 5
73084893258159396362598032379407 -12
35297991520187170977834813995765 11
379289472226887517945082106188423304 10
508920081770071914858168436377517 9
20910054416137081943040793439431757327 6
3367899014080540212992507629711118964028 -6
88676542158126008026120353424491101969542 8
32932287393209264108153908998210730548 9
20782802196945900163924643031225915709145135 -5
2794884366263420303200540920852899749943 -7
94680601995606808060462444599295 -9
24013618737854917788119630170963 -11
2069909745776672633481736937962130281551110 -7
7126149926093702141291480091006497887644266 7
95681613963910408463234114019584363068280 5
2862204175006047863824214472680 -13
11942258237241899482653753344709 -10
7887321945058870449563741237836058266343067 7
370258459822380053359029134471931515842627 -7
467871730520468762340039569942489248 -10
7581551527038877666275105932784434 -11
617709654803869480843459423421783 -11
502443047004181729089473305749732557823359858 -5
24701733133078474069019300491 -13
20450681706507479404217507871123894228529159 -3
71328440374687727742040663182380263 -8
7957144920914891864734711732895316946623 -8
37657219884580401984083011137 -13
763507004169180111152498027059 12
3777187196643255065943882756019427124892 8
08298511231243393283135401768766680 -11
320611169751222563564716467351849289389440 -5
781127939618664441894497586711949073 9
25418140925529940707011950155079 12
7634109362280427488987509001782 -13
06833019787459714080291702868892903 11
013598519501436739172893633474185022 10
198093806136184584529118421660450246750854 7
6770470052272806529457126200997593 11
1053022195239384897212308806674157 -10
607409925668134174801060134808766997 7
706708442292999421127513528199 11
25732049902144536132598005540249162601 -7
638822259790503326436965534632579165291 -8
518723149317854870335790352997551387916 -9
330039099008013783851923984461 12
970349821360993347072861740389741 12
421206562449027694624656828788874930 7
8190164911692512057355835277422504344233 -6
51065742918325551899800318805707119073248799 5
914222968418422243138685593394357509780 9
8190238235331101651567985137442 12
52064505801680732353958095220948 10
014123028647383013891092097603938725814471427 -4
7024129172666639559956520128158508 -9
90078789482741998529684574448690 9
531329629833062812588531149852490513899 6
431224934993450238058710246768747330 8
480515559328488129707780185703 13
754588670114525324698284467547209688751392 4
96035668312497186681825539792206831798124517 -5
51548393165107452898763673072485156881173369 -3
7599941890905981863432817755087775511336234 -6
45415017051489200299585430276159 -12
97690053152009354275521500783331134 9
71860889824767089279770532101921 11
9994783059961264191628254630817883158100 -7
279224529720728417564179793049943 -10
7860671833091930749905718306472253501736 8
21870041297703713853848776934602181015 -8
3377641849700324374227074531820539114 -9
08010082350366086521915616395396913982531 5
5070071988534796173383740036031111279 8
661894327225496289978620140236 13
195412352079932630611646081617693 -11
368364705061336027861349740632 12
55120703319328367889159140970159 -9
19895529207804889652664277775190729025 9
94554080990869006653032147543913 12
0237472173309402400755473093314874118 -9
860226499509602696779210265113894 -12
78004254760924955608272764008591714112712981 5
6305103814891044896593630108904524566 10
43562224538442067278000684686635720754999 5
10680870056291913787322433392 -11
50991190089226203768518581391970581725022 -7
58881053152784622990582947255 -14
9078148280782909177460491164971688012466692 -5
9267934427595844910882411522948812 11
26991993193568629566213140535677120538 9
962173871949632670239681569982754852870268 7
98585095838670068134509125190 -14
9790432504904734601100177221416486196787932 -7
4901931688115654568579631289834730730 -9
6718230735799921572515838603697 -13
35326616276275968399982839761 14
61488113318622445023174887682692553 -9
19995002946887769924202040187602 12
9613007029448851015518817894143559 -9
215188249139450290491786048251201579029447038 -5
74394520824885816027128102920447799840 -8
430346398835999591525498821782 10
01298145357927007468553095886 -13
69496556855892400161275980222697 12
861124139112325295082389514832660587376083959 -4
2750157208807227101201160485912998788 9
82790444089264840149901827881922309 -9
49000688956622646249222679895091184003854415 4
7719125212507904263594903941709066 -10
36533299628020905238858108855317 11
82512931466310797339982224238737 11
7673067836195907683347506370369500828854815 6
28309074332792528798720723197060 -12
751716285191104584731745825924 -12
7362412416628709669522182000545889411435 8
60161911710447156367908459934906246502245 -6
4109679115651337004038019794665976293157238 -7
633763149197109936030458860771688032689 9
02780271233039967353001938874685 12
99466654926644911796557085373030752903587107 -3
700798276589455273390378958856432266159891173 5
06081961647117495289412091022462844 -11
264848756630479686710518648749 12
48494493621277197441830538186582 12
0909986788914255233808899162507740 11
100988324540467496341993829875 13
64611082068436146182486754541027780202098 6
020057126400812016571139765245525 12
42878346410477744790590701130995111525606988 -6
49712556931151952057845794090 -14
255060853116007681056369074472961425583119897 6
31931604009193162989161305795535 -12
587091295120711197002294088646 11
349126007014470038887695021748 11
409298709309142525250474471877388220504156959 -4
855897918582526739341000225441483326691 -8
0493993927464838914212830663125429638 -10
97893884783129266153386592078 12
98177987952975619870538180090811 11
3185008869914020230831201681994267926931 6
074161404494131877877009873009628994663 -9
936091874829471334580051339745 -13
474915259974782440270348086359118580179076101 4
93745444250403809499225528822075365991 -9
91113087097491462855144710459032455805897926 6
808896105609782003127411558839 13
29011287475083119824778101045259459447278 -5
76666776779090074229481895190422935 -11
9876914779834336386668331647047275999 -9
0354190715459146194304997188800426792 -10
476390586842700665458476289614 12
254024499694937972677602504560 13
802260500002162696536882321693373884 -10
59016426084046986656281044412302298203199578 -3
4025757990485311352266872282889659140518 8
40050318911917894874689020164243317934928 -8
234559987438500395809704490482775420758811 7
0226559422857620115813293136637083980381686 5
84867937027485370966916178482059268579 9
3395863068053401241520714958548 11
36870221101297763344440740001 14
066600703744034893676914908339598 10
61220813309713715994633935100957892771625 -8
910027150802667997205344479450899 11
90396690975484493951456466171521 -12
49009536394988618362213638639705684 -10
542894968051197536840142231499543860021801 -4
956089432844009807430160886985743796 9
67092569254841013813945782555890182 -11
860550174366301939939787775220917406822889 7
076942551463965782273874000073 -11
648949216995864709975843633014287861108341063 -6
915600211006994484964003996512 12
938821777829469477926549907283453 -11
33609522683903814978981323188 -11
576988898375475408789274173913901 -9
4984820238856008695916861644132063219 10
0698571909071790729964177250810221666138 7
946425979980229175683397733151271713 10
80516853682395291432570425811042119 -11
27189873691008998794427927352170 9
32417333343405470027005647778 11
813563090994350346793822499180 -13
6088899161441819162063600750290 -13
735598841158333332012556221995997814 -10
6322177296733460369147239973920 -13
508413164938945110588709723504431452769013993 4
671811100273276601934071668659474534948 -9
12813901260745697597715874300517252399415882 3
786106653713883349507720372138270290841802246 4
01519324820567604286283050190321698196 9
15388188942972853379172840225 13
399055261379222829621451343816 12
69561597006271280389513360533206386540144 -8
3381484210015526862908327948821114753436626 6
7612639209398453949050392800358165576788465 -4
069067098263308728483266105224490421619 -9
433754387884297493033881816611772541 -8
1976686050984450099135358992408 -11
955804799998705852879165850448112230 10
95509521288380636618098134633386165124105 -8
85742136017724979100775336441942566102419595 -6
30399270874567136877820516322178213319 -7
26540786580074876388523519450743643138401131 -3
46099292328373652816237033106779 12
668095043154593967372403574550778 -11
90047818320234892884117829477690117962414 -7
313563833314071958851651654600569 -11
716961923917282255157118668602236399550978335 6
87456694269066595792000100722773721261914 -8
678147812657951356500377266830421472955038 -4
204241770897853744714892196125820156 10
7971090275341197661954871603688047418050 5
16176454757983027956379861679120953 -11
38590019855267987861260658637074862317139055 4
410861055247653999288120526052592416049309441 -6
442048383360276102736839702688394518176612727 -6
07012569975132605820297262960 -11
814814829610410882444228173760063567097 -8
16344168385275158369982729438 14
719592124170700199482795781252279536015 9
9560059993924318804833591323685608 10
839596465131076923706938430816883 -11
5321678121596400110613985569328764688323 8
7268813568221368762118802761971745657259 6
70998774379603782335297188535532056 -8
45918526815843188228575069222 -14
592207673186563436667093019895085 -11
98113460135603433380846658662582958744 8
0330105002055526625112657726288931 11
968866578977319295322170508726 13
9390605798351101350884031076813 -11
20203518816111170853722055895296759877347289 5
6025629655646967078053527795289312 -8
798269229825520437889998671845554 -12
874515257628598181668099056810665200149 -9
049203297852186225789772837140497931151461 7
878017737940999989488543835600771402140133 7
644405938185881931273840968343455 -12
33867244080100254480496625943685 -12
353203756537290224603302770449667876592564 6
3610987016987962098795238144574778498 -8
22286587522280390166894508559851991 -11
946049300220813458610217037779473 -11
622147827224057517137389600759952611189930 7
486138013885928318577177510196 13
79684938318533949047206024760964480682072962 3
5669825667899777190686939050254111172712252 5
4072799564108770163734009234467509548366 -6
61655833226940865018296588698422 10
9835333085376250580752327717259118217219198 6
0571752155772500329479782594383 -13
90536636654010849749620460181111099474 6
1952705703080194692017521671016489837 -10
9516856816866248991128516404175978204439409 7
927417619719967397588722394202233065108 7
2135598665783868458399513538720 12
21899551409598796650370622957084 10
75163405793871921906076793884 -14
637104191445308016297201904785385986957 -9
50164063925442962566640744057957582298102087 6
22212835245885757255346473338046377004490870 6
20654839010763352219712098772755537639 9
819717021595870471603660764124452341599295 -4
2528703590225183326275576037174908807 9
3495019201142291193070662140266673970 -10
06972946820973229566684135181 -14
452107334481358860883398552739 13
8194993852749786274165165410263093 -11
386192801441609985231541567455564 -12
602331371371304974054316476420707 -12
8457195811819379229609559715370480610446326 7
980125223166824321186629605675599537540909 6
674030044990671474918692658934771691081720165 6
065008996120223963707693869137058697157723541 3
34948737994316405470626329370426302 10
0562213313818669100266591445012793408844 8
941934196614814437606096181408 -13
1152546189936399902793288536523061 9
67881195115388605146270138692985065473 7
07812553799038817749332190521601050768358684 -6
2903768578910317902809409197151033 -11
682331968273048475823630662718 -13
238237792579372098520328757545503 9
01268440692342503116742573620260894403 9
400074029622782287163348577258 13
39244964953547318089021304836399275821 9
15956465983269504499262574510790268247 -8
2345018501611110374554453366934679643996 -8
60909270982489983946734102320334843506 -6
06976741306311881439881010894392890022243254 4
111732619574018888668661844467093273992045 -7
92839040121544671165404101638699472077077 -6
211946643639008143151866930427598271200340763 -5
955082644914322903678890374884793341009 -8
32023927569632665092012366797739877043098 -7
93928945994444881961851255822745502218773 -7
918229910465545255570730242901168249 10
49658101005021117158573504275 13
038246780483336647614560796829435987958732291 -6
8278184639897379371190194623318225622807497 -7
721461679850667635423876333730 13
40404529002812265886807296111268830396743 -7
4786749649833604609968023790765148512902 8
57120354502501311150160052944629232 -11
19814690758997672561011580665863091724 -9
0391121311354522196554589570736836668947032 -7
3812870445707874926942542102803602980 9
3689026094852070044757450274572281283 -10
018318522071917699391199477864806478866 -9
14508101070163581432308904477248 9
55893846725866256010990299155129336401 -9
21004266106547927804003955497 -11
14052240055780679420255359928829867994 7
075896074436122093902252488909834827987 -6
7646455904974960969125185434125892227751 -5
44905350521267220446227507865979660730 -8
865480889940816822354395142991129151366724 4
378073938693197856523927629286126326 -7
0658001247702888687684936602412753471 -10
579065736910449940543104019515083233388 -9
19838488998249411601398016936037140240 -9
99188482988052105711920775498945102 11
20724801091695163966006949215184 -12
874524011059631006514503458633449250797 -9
1948159822788203531179254169301 -13
240812022983586675890023608067 -13
81088279166044496564275703368811124095082740 5
9852443400888502021709485589997027964115 -8
772039822332040677902072696861159118569908887 -3
992298691898267525825205601975133 -12
7135346678209049996288867501971954611342 7
0957671166019329061065633023845373 11
9580684451915598194940403706369 -12
04421258169610267465655001918904984 10
66431319682292388325904460369638414 -11
7110266227352897960749866620809353725741 8
342569879482209077288221144776894967966106811 -5
9421561592308859016785110952729826 -9
5259962012757401849551992846659864208166171 -7
495942899736348893351266208408083932 7
690887228073754748362028384071047244026 -9
56897269239397452085591361660694 11
328929941752522974064827116084448968 9
32311359068962080352400594964755614659863379 3
646491295813535804831590571148 13
519356170670176845339338810953945808915778 -4
2079839573820005206208475171834687337185 -7
8234105511033343506318985499870 13
2090373220772500928928734730838 -11
46628790116433440179961999182617040076075 -8
10414894155333088855857493817904 10
01577068880303188100372945796385125599416 -8
691279186360807326046798987024 10
622763685295178007725730202956599549714964041 4
56431803114113307938885402963165945 11
8367666329222629025115869987159111584 9
2154472618509962274219119710047044799 -10
62716609224660924001131569285997808 -11
17789359720556310199751998406731031732530 -7
310597459175516698155602604333000879 10
777984027074024192299701860248809558953284553 -6
698705685789717791002900539371181886143045925 3
277337743282551057169985136995618 -12
3459041956555581981038447174649200233913200 7
51198886283723747140969416016696893891 8
67851598192912770746710750101 12
843475563550563449848295466899989220181 -9
347829639008888810613910114612502736739307645 6
8422809721882197124157051954759724904640 6
9344820365356790360868872073616 -11
81544924551240745687954787720 11
96269964805853956668111475177781828039737 8
24971353978509445379203344458673 12
757909656968039605706750854543096 -12
9631268425227049516669219906800314172908341 4
80428654105202555027664248121890874158119 5
151016247264682110318889475637237 -12
319895413402295479014836724014932716179260720 -6
094828702285696336633716681727027437 8
976132353621136556829892487215190375305179692 -4
73283006905845628802134699715533084966183 7
5108421684424034612108979237104855506981 8
785006101202801727811246013662339 12
78779132225268706024900380249 -14
41561824961097135179550959905176620842866427 3
0327671387788990395853217650137 -12
164712078658242159743117756748 -13
127077088912464496276745163629815376 10
885753668777962108874015845765020602911 8
79902180688719278508416102840039799 11
152743399253840254272790667502560389 -7
19108149528796448862218428107591299674400 -5
6680176370574724766282306711380240 -8
839652290173112065900606319229536230357841 -6
50318635515969429379344409839445 -11
098790534769448105451498540199111 10
36339892866933945398087926180072455156821 -8
21501607431079819912345408323172532549663044 3
6196920142064629900266743502091978218 8
76845658995878148373269582692345309767167350 -6
842618095723809038328908219067215629733 -6
095006654575438104645254473723880133769038 -4
7529487458511734856385329547260 11
84887076215923837244422881305425490716973093 6
8175171925414807995221008703228908017324 -5
990478700788361010024761418224946229551 8
7345259813196287289172114199325550742778 -8
3472743138139353729789605487490881202 -10
8324969476094896680778802057791396 8
7010848429092698902269379412878642587 -8
2013179010696182352356320791612729587685655 4
797300312717679388730581540138893515548049 -4
7467360169996131781669037044890240 8
06839285554042540096094899954470315226683323 -5
60362788486621766517408288139427 -12
81318038028152658723142322455596984137491443 6
769767696044162129084404632470987292 10
205168276776190113708529585889946607856457939 -6
75810878078787789133925621601201396 -8
185724507514305785422178015387 -12
06578599178238848093670398793322574 11
83590310787772854657907845855829 12
973979330241073706768826702169309682 10
602683679162107675362351141831557739295 -9
0564698611995489140395652080415 -13
6722661580142307805322058814056 -13
30338141584405593433964015849050590 -11
36409280700201876545441744179673 -12
454587277923616481117422209829949196085747 -7
227971661531112883220712874087987865504 -9
2030764331999315839955092157675115771 7
9590191821866222033039012676836610231745 8
9424921767605640578888603828352972061 -10
987997210997700164948477664331858343164 8
2289498722912995251980357856448805050170 7
5122415424461255850008710683225489193074989 -7
486804317333229645869777667762081992805558 -5
4195023860691538203679986181141365925468 -8
55359309615893058874968781381751446610 -9
127077547378642499259980004925785 -12
83900918884391183050138567450779 -10
887499460597992895325361020280 12
084176717714142126860350421358487432076206062 -4
4295548447027750624430012700788112 8
48757203353543994280553410078608576803 -8
2000733108367251243296447347128041195825 8
1880598038627767537679732006289498 8
88500027039871683995899295834 14
2942070284284442708162755758131579180571 8
589053260131661958659434576231799279672 -9
888115305043659286385027733606627385046 -8
472386403492250217889005527011084774496761928 5
606031970144871100764499087567447315568 6
888953459093247327224758845664824231009139 -7
86624910060403906852445943901981679654188 -8
144574299589116640001266591609963330 7
78015859880511857051040720527 14
42748094361785737499472240070 14
98078073440925189991251128822968 -12
137033489676016955334400118196419623042778 -5
162299633529632396920089466538 -13
9855930751101403418950059081689588371964 7
76514530999223620697048643399736 -10
315627220028680098348998600834121 -10
17026485470871675533763226011 -13
375223579368187035810423179250102311 10
9877414714864549779497250102298090213 10
905109168922867623609494048822505505156821764 5
375412470713087937890018803463356 -12
6270044851961104386156405532102 10
87088428034948949589321014626 -13
0885704142409800230552597461965 -13
7145011811836339299833649534510956842268264 -6
12483849764480672873611377372392896316 9
6055274191118628057103179889697347808 9
49886128622517157681507653410287382455 7
888962690769172476981009253440270983776 -9
8645643931501429466752089985565229282 9
3657552388309700055460765797091 13
0210205301959819307943860874459246 10
462083080988206707610443846836625593123551731 -5
57545987450058439017247942826405 12
8958836134548667211000032445976379 11
64239512145971225824449412771570710 10
6981212481566252655737200612901468 11
873639381204107351662411626670 13
9422279339979419658534437843713487 11
27617021584262482798738772010889103 -9
768836027761126089961439798210513774229923165 -6
6098984265661810992554519434816585 9
23591917281881906809156212033722497 11
1252654109280925645012865160574188028 -10
365927301962279751731117365562631589603004725 6
7942905309967458182045135401806095451 10
1050244456550589284442858111879 -13
9430428329881197236187297333524207069857478 -7
913299676573087668402784370439901271101508814 -6
99892130289325427673150036701723 -12
85521644980922957949722751146607678413 -9
1266029791776349687632008935972523938247 8
4229733909355251935410116733826125591678986 4
997408451169855156986602996432350650 -9
305544069709951213233041634011510 -9
3907680590204943333475099321295708722472 -8
423739029504713645881259972940710484552713 7
7510998018870523114084519798297635109274 -8
8610808573286697484792822932623 -11
3447976415553642721303903588236872815705724 -7
228037944364713443780916428317 13
4462092290140085799772673919570622706 7
31356178631538336642218601274 14
737776428510955999759986220142351005622 -9
317704685487571971489925139919710440305 9
88909374760814131199804014781702 -9
947197395844962209856178946722488 12
98860667145652343145850243783009199863134 -8
111351566298149026042210999349788452632485703 -5
08098870593238437551935845508706317316 7
150868139279487205555581949118 -13
91664807868688706944280390652079425291533 8
17872073941790663881342707821310442332626 5
016470464428888914336186381605694301139397 -6
853218077047646391546906606924184200248 9
231146583371212904116432324009803694998 -9
5944170901019535827757593528900306 -10
2697838257288082276845325171751161937550 -5
1769816750702512617026434631012 -13
5500099580052952859877211609229863 -11
354962450418568827840496562399686902800195 -7
04014099144831323982680044988707765 -8
24803073131802112678220570411830273799 -8
289056948104143252091611442489223 -10
428065976986278977421608823591441343691090 -7
326327612915365348416405586700 10
100178675084807850130276724524195 -11
5086115126172007289005037874521799972195298 -7
126420412895214977853571125812654404785000776 -6
678647052172076160399211398019889881 10
