1211279401892370 13
99793702247845458580539473 9
89976137736477768388625 8
387108743570244495609 -8
01088375057380365001176612 7
6427612076397513137 -10
05575057787288656 -10
8978301393089681917926505 9
68549708451002498378528406 7
01102761900010193451272 -11
263780596711310588159 9
678170672660037492336 -11
94782688488128334914696637 6
456942035188347236 13
3839056342600982934 13
629810343221129787 12
7069961122083446648139 -8
36906203690328729026687 7
76477200900248797 -14
3297725925558297515129249137 -4
53392373755167966575586412 6
79382024944224011589233081 9
647428789774090291681287 -11
228218780543712737 -9
29740791480092610136701531 8
17225089280820554 -14
59720071032146268517619844 6
123392486340649 14
340621218640439976 -14
276905858431815 -14
133893607032508306526632298 -5
6330757668034705975350 -10
424876881771461 -15
4188788633121221398221 12
62985468452099288157 13
7769812373712500876823144052 9
1774111121088782937957920 7
521542494487560922658592727 -5
14189748537755712352334 7
7021068101372517238267 -10
136710348451773182537694 8
625298347680756111866429 11
57802876741942145 -10
09854959459975733 -11
3004572399178332457847524 -6
959813380971373195438380455 6
581763118388389827109313134 7
24720051145572457883832 -9
16115261651223281392 8
4710840718907032 11
140847546237096475 10
0005085935633991 10
067031992478602 -11
2036625913347239 13
717447227668558320 9
90166179127346770810 8
444219498708656372 10
718419684175992619 13
0937777177529406848668 9
89612555772176985890548 -9
74307931239695078 10
0148522013569903598118699 -6
7609201749425940647304 -10
85605815188408799840 12
92451511773158156361 -11
672928276337783 -15
969741580434456211217 10
904158531013873983 14
79349408405726042 -14
792146007844299669116 -8
15080270446178173801325224 -8
658537783031281062827 -12
985894889215512272478 10
294241031616347 12
3694701057418591 -13
789910235259777595233 -8
21806403584125033931156 -9
4284028826383704397 -13
236385622657343763288 -9
885994421914905232 14
968937615719509720547116657 5
879943123284440020940328146 -5
68641101668693701337114083 5
8099978921355922800 -9
31459886657607887245535 -10
9037028753944953301 12
06497474795612556847914 7
3220404502292293773813399037 4
5176133999663566201158436 -6
24788743515709748550 11
38763120837783049031864878 -6
022822876954788652118559682 -8
8650399933207504815 -11
073563211485385945215 -12
73945224446924167889 8
980612406138810657947 11
95786144674954050274318857 6
23823082024788276052 9
9945097908486073261124 -7
951923823601874535731880825 5
107257999510085376110055 6
2952707468002920811553 10
098280248994241272469660246 -5
3389756113207662 14
512914429634234948 12
5830009328633134612721828663 4
03315807317799307923 8
854755083109956834365 12
493545553383527086 -9
793080049893197722838040 -6
8179198193402818060 9
33094570343892018777 13
2895737770551609294008720820 9
464092360383182964 -12
6555880338594483510418750 6
7620470366422080839104 -7
60992905960447337464076 -9
2547694440623107765 -12
105100239917614609906266 6
86183561896993941919853046 7
9263116796720688 -10
04755481148600424742 -9
51524411163105806243664464 6
10675926617417122101 8
893219805207381490226019892 -5
3731110805666760 10
503822242599955102751775719 9
230128627516670016467 8
599303308554792156500 -12
4067089622752006665260931204 -4
6739992366348770277135 12
1002378458504986033 -12
81813256433805728608 -13
69571296162371687388156010 5
5416232035269182795423186582 -8
7490182437534379848911 -7
5412074109954723222593855 6
60227890004543422682201 8
56864020020097938333043228 -9
841654454696922899949460 -6
2192539870123790873 -11
0741035487029475802843 -7
576653103236656978821 -9
9858465321893768952 -13
022206415066866078639 11
552859096365829512222896 -8
5308386765318103 14
7887382482469394740 11
63788420198880621745936689 6
6774569443243198876429 8
67009119410000869125764 10
018146900074267595276214479 6
54822611312354729703 -13
00056316160146804937 -13
355495030622559936700783978 8
370273956551793268578349 11
836135611866253321 13
4490406506410255363544699 -6
3264999888922247066607335332 -6
729931205666636499367139240 -9
133005173169994 -13
230830806511189499080896 -10
1550551199538988088301879566 -7
905485278871692109378645622 6
9506474580260457832 10
8459938839358420228734929793 -7
864163896520310 -15
94073131535535565929049 9
6301670105199121587008637896 7
186470298377406 -11
435012599297052 13
49059349943009077680932530 6
722812277686981352387535005 6
08639551971730934723399593 -10
098692321820378336839 8
21197250243734662229905 8
656974325215200443102 -8
472944650558263781 11
1769916346405073744733734 -9
4619460095417413888 12
15908954168636900035637623 -7
183942130599701455447 -9
597086687320934666600333403 8
501642005506516925716940599 5
0226936059794184452 -11
5795398218094098755228269535 6
6525182077028283 -10
15064088015460127985647 9
32720429212080007742478 -11
82671880667736122136059373 -5
21071157831492259188423 7
0034076668316522608 -13
341963756237497430784 -11
7809092230210872728105577 -6
043115633812739115 -14
0259953328461216400680437224 -7
53937607633663996 11
772071569395751623 -10
00777421176809266671330170 -5
0485993865630711868 11
09672990482226939383411906 -6
380267557128033 -15
8280585952499584489 -13
66107452600854868638714 -10
99889797030084385088700 7
1484800809642046958 10
08464278892424653763284102 9
37898333549963020837 8
8823964172466146642202 -8
89846405270895836 10
51765080287483861542636 -8
988211033403434410 -13
225493666665064892785401 -8
8532072364399219 15
139817273862937358 -13
4485380739215200070024391 6
4694635035608788288 -13
519946766204345997127020474 7
27841750107500110168752755 6
5005034257885345708396783958 -6
213279742517410111888408 7
6107400677449106 -11
1318668776026050366244740980 7
832908904327783056319 -11
078693123828106097596356 -6
322371715895346438 -11
80363916144854519359858091 10
715618006293952087 9
68232171019038136283088226 -9
4996026368312632897487669 -6
1862395569248596822 9
5385320550034150315497161901 -6
89355801001276593892 11
073034211911521742509288 -6
438086587677348273 -11
9211278827092262400170 9
3537600331547493093758970470 5
2695712436708397 -15
294265520527150 15
933893203969631160151885488 -6
0338277748176631 15
89608328471628848 12
651397753088464739927036034 -7
0631245412797610820111 -8
56908324180319083 10
6345000236668961910995085 -7
175779901027263321771091048 5
8032005798058710029154 -11
3399929631715499204442573002 7
01959961384433344787724707 -6
974815665103682538349266 8
701194410081071574888 9
217018016833890482644629143 -5
650714376482864327796 -9
72257409147027567749 8
6874496851811614411800088776 -6
276269571685184 15
1279309734370073863480913 9
641865874886955201 -11
6450649635515553490 9
15542009221955000541 13
994953549186429146 -12
066979213090168221054893 6
083369089630043488837503 10
6019937708690937937448811 9
5064993870760107640390 -7
9446000680548282671 -13
068242142991922617421 10
0257700573271795011892565 6
53802196838930464 -12
1034034960781665 13
862229564011277087686 -11
671992094284910515912893303 8
3002263222623365898055 9
5897355851968463433403292 -10
858558175315570203782043390 5
2240111916934657 -14
862778953881361246124063 -7
18595018708084002109 9
659439022298684846863335055 9
286747911870181461 14
27333631997799668378 13
2131561650006554621649599 -6
501569566561910197161 8
359199787363179756923511 8
9269672955149288869892552 6
43218497108320203266 -9
3386726448165642975274155760 8
6811833607753150 12
1601816489031499272812674654 -5
60686355089859890 -13
324701408114774025400049813 -9
8969444509003791 13
91899083418766561703211 10
333472362290109381 9
3214077275499459388058975905 5
10004390438756387447 12
3582097203324493402066 -7
3888688421814976623 12
6121573595544027266 -11
93598317349043495131142938 -6
808524306803260 15
58517333111924633491269346 6
0137885716679394790251 11
7105129875777788456019030100 -5
962570174040916115730616664 7
0650520699966855613284912485 -5
930897917048622129915002 -11
0275011781003726481 13
7665025165580817424452 10
5272571828861822 12
8875790682501587239071 11
936753559325783658923 10
1540600578036350123680369778 -5
8059095408188473867 12
1661500196064064397439657 10
453823898588905 -11
44023645257492849067961 9
712188061011391866 14
910347196193809834044 12
175259981097842518888461944 8
5970152323991036847 -13
00275840745625991 -11
289733992479356 -15
8663398849160393680778708 6
671863090746043 15
00297082277816170339 12
229223894800883727548 8
115988234794103389209499477 6
89726631968551855802747 7
31007628049410801041 13
79792652782697231511736097 6
458540919604713 14
17848381615538929806483306 7
49220440881785712968407403 10
994995663336911027936111 -6
095293095002450450234734 -6
4703579547516889835960330992 9
3669083246101914840001804392 -6
233382381688006944604128986 -5
67458295709802190024733443 -5
12213486700659411495136986 -5
89036880088244152448945 7
880451423972582746788 -12
731540748937406 -12
743338799130129899 14
9907883317583530537 -11
976113894678871 15
1082064997435823 15
719579479702541616 -14
1811151072366686876203 -12
7428908308915136353 -13
980704116969358372314 -12
1339717696526433610 -9
946832053753144331776915119 -7
950182698435119911005 -11
294621675690619370 12
778545745810930154317 -11
560590095522154861992 9
054916008902851693034658 -9
76450936279443214400 -12
08689885630613467171041 10
848032166025310179525422069 -5
1761542168474826526590822294 4
379091806490783915009168072 -9
927779645190423706184766 10
1476450098071701 14
3220918017116589 15
58987879591655870155212 -9
0864861586991105915 9
266229684048229881 9
98244035465071081754019 -11
943852062507799064 10
8576100597298065 -11
742876979003547 13
584090569303196218406534 11
91440625946350468 13
696528432582575 -15
73169513586889583089 9
67091242054561371976919917 6
0375073507189920714 9
53428300802232055 10
971153665305093 13
622946694768938437660 -9
72260541814116194405 11
176664577308738037910640581 6
122596255976317854959222114 -6
46831081913964772789141 7
21781760279971856167098 -10
78569511235018940991018 10
9394582931749692112349420 -8
5415069958494453661479927663 -6
8088552421831332328398 -12
59218087943428547740170 -10
86241953002226100857987760 6
043112836361991005004 -12
218164097002167408478177294 9
450590821299604928585 -12
903237700739739911173 -8
0040978544484719064010 11
3539918111226027005116 7
9714835656859427095898 -7
0422985339077163963605376360 -5
9017604608887913369486529301 -7
4324761821969177092 11
5071945605405735898 -11
999959417908887685721661077 -5
30974600887781819033 8
057960898180002892995538189 -7
864493644781184109211706 -11
5664813645954823047640942 7
19992362275650296293 8
6371943941576576199978 11
369229443734216 -13
817530668119293697991666 -6
3882836329703076545755 7
9536927981139954447644692 -8
38668381158737541869002 -10
371161678654195130880 -12
326916616849108961368115 9
3371203329464796873093852662 4
0435780670394942161388919 6
1542045440642828708099 -10
124365256721419593468614 -6
0997129581098851 -12
6801008486679741 10
0596012299442647234954 8
789522079115204 15
378647624823021 11
25693141646649824064 13
111819129043473471689903988 -6
582935744072973487553 12
1307336910278553710492000821 -9
8149052118888724628904 -9
76381354825096633 11
842054063789448812158874 10
922224177840444117291963 8
611839132851699 -15
801091461376886 12
86615313754847395 -14
172122635095101697 -9
93967010121369453141858720 -10
6391093085239713897639691778 6
608861164061492265187918 7
14111608847237341852374 8
0318676589250452597235 8
893730175079847992 14
4035834058033253800 -13
50730623669610255052 -9
82499920179622194823977153 5
2443591258943890 15
350778399919306302 11
20222899909200168660 10
405381077971651920070387574 -6
2696417961152780 10
6607606201684916 11
7731391808287280251298917 -6
7678040624698850075445296 -10
44784210938099138790069 9
116134573936207999942 -12
33193430391374742705 11
8252998689953025086703 -10
327318299246102241398 -11
808889976295069649110672 -6
17989544340039417339306 -11
27417925148383927631163311 6
709593604651683163 9
9555692718555299234 9
6087993555359405 -12
258054967438592596 -13
17416853280426997247800845 5
1676985423567589636 12
93234424830501448948 -10
35667200782313010900514 8
06927077508807341 13
19881188688565092 -14
7512878859891952811865 -7
4474858755796168707756500 8
917046606555405754002 -8
607287254207850 12
549573506860881611 12
5578997754612138153372992386 -4
4568890728201376 15
398994711785401791156310 -7
06510160792377881862255501 -5
71040576956280116669 13
9279331679301436876453988112 -4
43261829710699784264167 -11
52882932501708147306888 -9
13034833139707616324997644 -8
765229150438494 -14
7921796488100005145 -12
14164767885969669221111 -9
6425996695619341460 -9
690753249288114532 -14
1751090390669980739221 -12
89208624592104639 -14
72944692601397805689 13
353600760341836375553 8
402318867456903102046029213 -9
10476261298782762322417100 6
917968712588167708213166 -10
154477141176844567589 8
8724598399122619099822 11
385035043620810304 14
6128140706428614607939833 -6
501200812033193758578 -12
3542213939881154568393730 -6
4777044549820272812070847 6
7450263408772892474 12
056650419006354887 -9
21049820440458612372403 11
278154391805159781699981 11
8901024895841806864950428924 8
431806819757427102 12
04972095416549698681361107 5
4228961452883399179808822749 -4
489913318707539980114077183 -5
109508642601971821398 -10
039962655856222263419191981 -7
4900759069006242841119410 -6
52171761821688842628 11
3642532180340028137336 -7
60220043576588807 12
323368961128666794189788006 -6
841336119250627104 -9
0093537652470755 -10
264380894707348849737812371 -8
01011575183649993 14
3759639134395771795 -13
9788066386973728718024715 -7
9508801345583151092779 -12
6921552096092442025 -13
4223153342307033756221 12
311654676020518307052590 11
203123826858202792760900907 -7
9138245635486489496 -12
2966053172324620622864544615 -4
45538741481434168 14
46802203746239205799876 8
84048841339768252342 -8
7382381622512705421172156991 6
68942721054869947540965 -10
227517458376284821 -9
64558200076836361181789162 -7
5206723394124806 -14
90557400229918157 11
4803215999386022631907246 6
8522403555857759094 -13
7611031816519474923199806 -7
998351276961599503389658886 -5
8230493309887489710566344190 6
457524581218816 12
1516324663600153122325 -12
588895052056908606636338 7
011086470469791323 9
9596631269104052398 -13
3868307001036095330628 -7
296648834700016438820588202 -7
85295200287721717794705866 6
24515432983769599671607415 5
57598923733803151212774 -11
3608320239739960360893129981 4
2870619130018526 -13
1661602569981899717106600523 4
9360218758562082145115810 9
06123603167098947230 11
938323151858560644 -11
729418066881889 12
4498498857829599636 10
681821659486686684584074 10
271560946451764296911 11
999140132107281394 -13
47704033770314184290005635 -5
636667081730941410416321 7
0749134361448877307331506 -10
1556408098001118 13
87680024594175995626818 -10
554679889331568810013077 9
180332275001261412997 -11
11720807595082097004484 -8
1719514318902892 -13
99711705196308906153 11
731007353589556885519913618 -5
963771062960670339 13
648947111121638933220 8
35613678927057490 -11
23387668691019440 -12
97981881984052296673 12
247449998319426005 11
2380739048363821775523857 7
006961342456379807744928 6
81086972313505827 14
2975005329488198116106108 9
7366782977296433 15
62281395488254829118 -10
13014966318034294 -14
989958942014892782589732452 6
6871001104866916880616 9
62790206158892537110224880 5
327345684833240696706197 -7
538638458706337762 9
257921628825303968612 10
30838194981113054 14
111489356483681784119893483 -7
9032074585907729 14
6908002969088695 13
6535666962970373 12
643214085918777023 13
148862582990541 -15
317885147108119975431440972 5
00104965659660665952830 -10
769187611141180762208346 6
96878938485992793871 13
417309911023337447269236 -9
99810145518382455897191 -10
0278745885141498 -12
219150139591765934335561831 5
326276666677732404094038 -7
9429441652169799445 9
8700406310852183980827406277 8
4865747608811943558 -12
822998269011619967595886553 -5
87410081889764299467 -9
76616491482401398658 -9
677209574349113 -11
1306436581083511092990281 6
02415306478842357 -13
29262616526072415203571 -11
572007776801771981 14
01170020576324437465896 -11
594666057698439 12
7672203218499830 13
5298768092566229961332179895 -4
4045530356737554365963 -7
9213787068801987 12
10090700616841155592066 7
8029160450000369331 -9
3648703705237281543909 7
753824158959901340 14
28613558945177308 -13
02311341646578171055613669 9
0422096197643159241532 8
9839837958018433880762523 -6
3987400378850700504449478 -7
5417831104590778 13
951034021266935 12
051444795123670059100113 8
0004489589812232709749 10
09956810059298091330 -9
714005375320554393325726321 7
7186456205205881 10
76721728723670978988 -8
5434174969429568 10
28553197080001841030791 -11
387569631222693 -12
9721186598536522457 12
34992426682304628044312 -7
055088583733916339289065 -7
08460855814692692790 11
30148673112631168540 -13
975087330599785587740910 -7
963353668830386448882 8
208882120417044639 -12
620637084712739 15
0348358054871540880259 7
1888234575995056 10
080465203941915710999774065 -5
250833594807813284661296 9
235312310217126326670 12
998052942994269 15
76272331641294004611 -8
10627933263903369575501068 5
921690998831631355890137 6
60074064251360311 -13
99990743782108896029083 -7
92101296618720417 -12
21046333326668213021 8
18587035568949668842561 -10
08135437137132849935318 -11
0950076894574173 10
28997467517581074404117792 -5
283234507743352 15
461513699009496 -11
189348639809102746717796 -11
2922614337185915232455025 -8
50876892142275791552500000 9
552952908357982382 14
323994221723708940013 -8
227350784914192 -12
377576810785963817 11
439009904304599 15
200100025055553 -15
0620149333725880227787499892 -4
559292200642027111 -13
173285430799421 13
5287387341915938261298 -10
49197054461750779466099273 -5
776167096048168 -13
2400229323214288 13
150551588060650209 9
714597943011911037252 -12
441621792547539192626 -12
837884079256129268 -14
891743136200764 12
4104842296296215523505092 6
57474903901945239 10
752809718029001845969866 10
8600692972314600801691093595 8
0782886086608633769419683309 8
200416215173707 -15
1788441936167341718 -10
1996494299001971708664 12
568089365601557203704522 -6
0366007829676682841 11
0348889826281630 -10
460939197844520113 -14
76669229950625318 10
72762661822795224714316183 -6
84810966881122180385571 11
119904888254896 -14
400257551050873 -11
308308742006916448225219473 5
87162843084476794457 13
97676629700673805714321 11
2152735216523316902881851290 5
8406063430404871479314219 10
4613915777141270159055300 -7
0894742893514442365579463 6
136628928438069365 -9
2147299089177003995096177288 8
9716533875523877367192275302 7
98806262216776171069 13
677807472751716443 13
408337536844095 14
40099334537824720 10
9956776699964967 -14
32002333223983890190795 -11
99160665364236770 10
89839458148354933779119140 5
28902602166363208472579 -11
6707598368173295884802 -7
6414194621201811 15
1077398264014213039822274 8
89135940899675774118732 11
9766648501204605918 13
34671384791640116967309412 6
31003423925442496 -13
30750793759149096202419870 -7
86970970617165150716432 -10
097208649855778512709 8
906901174878452418888657 7
96866139856656920144 13
4286349162003766 15
983700376620919 -14
799836983266697955293 -11
2834749846288857 14
248876839140366198 11
7716617463511952214373 12
0069189683161481836899278 7
7547572422220551677867809315 -4
6777511164751072389142870 -6
1429565939367141957218859 10
86043293592164549769 12
9230184651662802623518 -8
024918053458764885328254612 5
6095412181940764 -12
57901127797600148047 13
62472201830793293 14
801129935451353458150 -12
286949920100699176296775 6
762053729225418097551609 -7
5295067167254730579353 -7
87812944422812981 -11
2025739513756861577992 -9
52260624759578005870598 -9
574390260262249122 -9
92452706710660966149173310 6
4384105363336520550620865 6
27746093664821100 -14
672338902871837898227004660 -7
2322318127995627237185 -8
51190081353799079450337629 10
92773179750457760115535141 7
1364690633541391384473126 9
486508300394813 13
3226250679355286918158 7
111004603640391623909399 -9
899949468447810856154467357 -6
5828543705920471950 11
4901139984445543438057953 6
9075460562216887 15
4285323740163493 -14
316783620127727483 11
04357146369157720 -11
102275530044776987 -11
8635654412277822128492 -7
243741594971637014157 -8
07709097121130022577782250 10
909476037001223024295266 7
166303775818307130014532167 -9
282586820270407451266 -8
2670970042092914046724027863 6
69231757558691561235013218 -5
0768446227042618708995614854 6
65806243750919869358572888 10
6605295818938904873269 7
0856632309555135695077306 -8
464273957739001970755 -10
5858751725038971 13
025161228801108667501169966 -6
9282113876722860274238 -11
817178288518801059 10
810720003391802802141 12
935705111121243128925800 -11
677933797783543607325 -8
4135515868489411268989831301 -8
629834866520528595010523 -11
4321641787267729004 -12
63553917259986232220696 7
90446010634217620140312 -11
42077731821610957 14
0031930635338815 -15
22297493736817967928914 7
4762599713125264 -15
376815351537719054799 -8
1548868654700975012 10
6537356266558372635 11
17968751794191422273 12
370828756759872 -14
95680735220106502419 11
8772698727043881433 -9
11086205218273426286 -13
93380722760616688852896163 -7
742898849137847079 -13
9209956872851666 -13
360632933792785134 11
31883678679337177976829190 -5
913933865439359360 9
7474461002334507 14
0992496375076771127 10
21706317129108170 12
87492318181262965 12
396076904616661093023801230 5
6486054815898015 -15
010229607570676 -13
8823856337985071723701 8
821748848328684464036 -11
981447506776822 -11
823748397474096 -12
424672749267569420844612780 7
48007521999732166792965 7
729947441378428379982 -11
25250202407130398 10
5610254301604419474391 -7
005607244593617867 9
5765481339419782 14
4356767056230833993329 11
5288520438668620249 9
213365608347183591209973067 6
355122631505638 13
97370101941138999 14
77304581055185065411900344 -7
9803371530677327 11
09199690504345318 13
37780814530250302283 11
2992750496007107 -10
20417509580713783 -14
9043671281904508 15
819862629367363509 13
99344069221638410192590 -7
55788192282681621427693 -10
0140841316859612044980788158 4
5581519317723105488542351 -6
734010967326772845839202399 5
3807946678612783295326318 -9
960501400370254680297 -10
91635019276721511 -10
436811686555115 -13
7897111319073040 12
63269460824617343351 -13
417799722631509397733 9
6517198933805031844512083 -9
6981760626821964218330151 -9
0077765317767560 -11
73364239425956601 -14
28823683972426508118904 -10
269671799980291259566886268 -5
1063410707815923 -11
499120257074522654210460 -10
434871769913443199710796793 -8
320329643485104403336999 10
24982192229711198 11
3248447166212308129 10
4100092590866032813 -9
664684386557099038005455 11
7548772224403757436173142346 -5
1091003137741190198309839927 7
86087761368128828410332 7
4567990830586552049942 12
626360325617199869354 -10
102328833856037813816667778 5
0447878904805840077337101699 7
93797975176887179238 13
517884885539461343979369993 5
165512411758102535 -12
976661293479831096447953 -6
99950218881077512315 -12
676602213670718921 13
77853603680072970 12
4612895761983964593205744 -8
378353193536307899676802 7
92500248795925513 -11
1452671470890584 15
913781175453313 13
2310248004708709426 -11
67622108472079722386172 -7
1321488978165010341 -13
375154107872188 -15
13080081107079965738493608 -8
525152890526929089238862 10
772270019598450003894926 -6
6417396349071616924443946 -6
7397991822283722901 9
1057837867257779434249825 6
2925136378807856 11
3113305615887934651553669 7
224513017168588680 -14
21936389973768266573235 -11
163674732036083779 -10
75480357243095214 12
1985559201217919305378171552 6
987310841839089184 -12
239896438228465 14
3700839327617671 -15
93681109243697062 10
32834506098856171867 11
8370470026856002 10
1211776559994778297458 11
894994142396108433 -14
532721952138800217748125024 -7
09715955502216993490 10
3286461237651891717418612 -8
0770633804599687049843694060 8
77921921783536908143 8
01578118772388009218585 -7
3582718820267880 15
77267178718597182545534283 10
6800633862875688230989361 -7
73873233431311678489950 10
3007766291497157619676196 -7
226401892909978799488622743 6
9515336895048052485531339963 -6
106311377871304911 12
519498649805412669506014 -6
8999900534578765612913135 9
1177547948122199238508 11
9888361700560062622 -13
130943300666630624820330194 6
20583302148962880674471670 -6
47957709594318440321 -13
1675643665930309061891109 9
2067097805884698896130 12
56679522179141567 11
95347027989994042743 -9
022280999617814613912974641 5
80786303867185107779 -13
5155006143903613884 -11
5043532045059507 -13
354081254379372572 -14
2332023894287179 15
8363071086367014 -15
116660872698824 14
672729847955799189353307506 -7
2881857185682054141659 10
006301164748844743601 -8
36565133047435891860128463 6
355124041005788247951660 9
38320870875653148709748 -11
292601289594553100522950 9
36710735537549008115548 7
7649300000485992489 -13
39178088000958809248092 -8
6336711660750838 12
840097130290742150187940991 -9
660320752639019391509 -10
786235572342369989824185231 5
760877224003517780723618 -8
775998527619184427 13
91793352952614401338730283 5
1929892320907672373 -10
441306963109995061044 8
22456847547958232696 8
21787783801974203883096 -9
5452804016332999858888396 -9
17171023077358618856050001 5
733911289334112861220125 -11
5860861403325983423709337416 5
2227001985661022845331 10
3039803319316839 14
