2092695459079364 19
8923707169667740071 -19
2973910252518685620739 -17
2975315084902917 18
35282760848860825051059 -17
70922766474318982 -18
6878568253058774 -20
2279292518145282644 -16
28499121826728524 -20
40556512809303396123277 -17
803676209154710 18
5278219164403205704 19
9551283926352182724 -18
121441822353229 -19
38097981265672882368661 -17
7733737812271386563 18
6623700900807098155 18
3577997051640743319076987555 12
07939352005788552378 -16
1778612019408346065366210 13
2125150562366351 -20
2012256378374073825259 17
655661524704550012802 -18
5476548685888746307074 16
391534558790693 -19
5792727669101091647 -18
989520758853856712381871533 13
68789007541355782693 -18
5426139582332030411606873954 11
11946021895706139449 -17
864375642761207639 19
0187549233004133859729 17
688968367741329885302 -18
19700722655054203105 17
624382399968156776 17
415387328878043326 18
5726801542408319679562 14
6509701466724085 -20
353159096412104686755992 16
579586084177838629626780213 -13
01184161007416960068358301 -14
2772103423148256574 -16
1423888901472415 -17
18447761255441097 -18
140338888763236107 17
86762739439949807554900137 15
247538301861891031578 -18
582195385411927976076072356 15
46056116135469330875 16
2481964139957839080174 -14
5497084510024983785284060 -16
8029319558307794 18
8740791527661076005393 -16
466837345399519332 18
375390967674636766 19
8350015909299434 18
7826409180540770802 -19
34355580167782574599524 14
52568160142756329 -20
559622112716152 20
27832018056102929781493220 -15
34689376404295219401807957 15
3978477374003996334 19
61559134055386369089449 17
4277101206386960250386860848 14
602270699611220834466481398 -14
13547208620517999987854348 15
389806108588741692999 15
992708931943342 20
078123821447486290906532293 -15
39887489735217167884 -15
3543935798797242882122 17
1305695563939800 -17
7173880897269732015386 -15
7298003876213184064746406 -16
71080692207838246222899753 14
802046984780067028604 -18
028058039097340917997837 14
5339237375516796657558641296 14
39679501281346975077411187 15
4138947269155855 -17
58468920439952962970 15
75278638235318945060376 16
0270841704239376 -19
7971036760773700306510462 -15
445783585988013812186 -17
01772830863558295 -18
956711284711808891782743568 -15
50056353445107672337397029 13
4147443910738112 18
135053459755076354 -19
16941776048061573237714299 15
722013452334994 -20
618235832430538 -18
14978259875420267333 17
09621297548656238067 15
3105287737634546 -20
66329054208121241219824 -16
4619827405665471480 16
5974611297997867801131080248 12
357063245798299195590 15
0694457295746434480859907 -16
5779171338936070325083065 -15
663071050927271253114 15
881920182367539745 -19
002423194173588005 18
4368099315431996763 17
19124044458608714833062 17
71111124609552173457260 -16
1465909344196496 18
834718539930828299986798 -16
466654769365775927359857 -16
690532095190900532704112 15
559290031320476988598805609 13
959955851562322730596029839 -12
2648215399260791091 -18
845945863330150 21
5780108523012295550040236 16
5134423705571068885265007 -16
955555850396328918411674204 15
86500132897692346431552 -17
7167660505895150494725 17
920648758510001721889360932 -15
19464347078410705689066 15
271637147750500002 16
9883899478983429 18
17086753704453719 17
89930877278137157985 15
87788708734063373 17
228157825503166002232765 16
5813974599449106232 19
95374299107391154404 -17
532407258634711 -19
819142115538241576839777 16
0321599378647077907 19
3480871062977477412857 16
9070321004071652895194474087 -14
546347848511136854098100471 13
353969999350509546 18
632638335188615860 18
96396027260287515178657 -16
2314653295095378918 16
210414763327942912 17
7220189791521910587521 15
403258249905310380950120387 -14
8554096070839521038 -17
3332980651241383070 -18
48486167832951800522399 17
934605365363143064808409 14
438466814714082190 -18
64890832515060133782 18
17544505209922804490037 14
347068944010344275011 -18
326313329092631538 -16
037699173370830761659647 16
8019951256218211466414093 15
4376553756307919 -20
23437840926269933 -20
8297109549278803388793037 16
796092709431821 -20
971237951775611055840462 -16
96780254001545547936056837 13
174189647658696 -18
24036479736201106 19
99420194538470067830885 15
955404262277266756 18
7565143012690306775180 -16
9259458439389759285 -17
3236021320417462 -18
7831377337051760200439659309 14
935894640514400512887222 -16
43200059986188254 -17
8561307119042882071200 -16
708440033958497 -20
852048947908461310 18
617912734677081 -19
4245928860272215344130533 -16
371841968417599261953 15
5775218969420868599 -19
31955952103933434 -20
477209651093777788252940684 -15
813811024591928997069343 -16
562695697960987622529 -17
68092011482293651335 16
71076299543002706098 18
68947645568669312180621 15
905482030889354737405778 15
0861126270572448871882 -15
485220135699035981186995221 15
81976608147466561733167281 -15
42602796668680047023639819 -15
86586365834287569 18
0582064483400299005661687 16
648925451609502 -19
186634363390887237 16
958746417113481414293080380 -15
139154317242463 -18
43121876012478179349408 -17
04305102902928888408322 -14
20303907689321550 -20
194486406744664688 18
945887244682454652780 -18
54141773478739210829517 -16
986541099444830789201 16
2892356406400508316380370689 -14
6975583646690237 -20
80889126006377561193484506 -15
3352117880933533499016 -15
15422868412315561 -20
93040210419742104114996439 13
0551602937282389418 -17
576712232969820578 19
52138237408889474322547 17
487439756971549845641 -18
82239337355632447 -17
0540655059788666829325 14
443498567230955 18
3273161558695558029176 16
744326693040107756690472032 -15
228719557168122171109287 16
59095220400814655391114 -16
7862963143138305 -19
179246300993391332 19
1884004330563476 17
77921742148639714 19
7129728812577176705910 17
9738181084135603642 17
754733016080493867 18
39742840288263837043 -18
13998661635407492298096627 15
871728021253960559 -17
149315430478783795699428 -13
420426269379627179179974501 15
052506806542822346 -18
05308505806732288831995 -15
53992049572570041305514440 14
6712772593502289 18
91236535529624691145 18
13799424286487783763 -18
4751212403698411737 19
678440976419711151617 -17
144065394127155822613 -18
7315800007920706 -18
61959740043269708852759 -17
04329879784541866 -20
3003671614969657702173 -17
05428180993062304895095 -16
675773677762151636413336239 -15
2772970803653877592555221597 13
54883790729539764062 18
677717731471616922566 18
46607312112758627014651 -17
665005800777762371412062 -16
8988054240708130840595665998 11
19406362186499962577260 -16
813370896390155942519796 13
263301528492072376 -18
786680396928830297052471527 -14
541939189416436431 -17
22577250860728212813689760 -14
4285240418232166328 16
05358049212219645 19
5268370623525998950482011 -16
14715640476933621 20
0568168453230273 -18
7778962274548077 17
20875758806154439116239 -16
9160140871232228951309 16
6419331942317466 19
028315591233443 21
199983898098543940 19
53990413492077941745 18
53371150928527369578 16
12916249952588410206603427 14
882659590292052300982599865 15
3176633314666171377342 14
35351258588295485791197474 13
045398323620192751911 -18
9082881161566267730157 -17
1226689655531930246061879 -16
2864815346257414130 19
8652118559683236 17
956933974512625198 -17
229556019165602287 -19
334882477492203504 -19
6186973262740156 -18
4420422766227339646438 17
3148626577133068402 -18
047621003743585471185 -17
03241952269814710 17
047619261371423410 -18
579385971877933 19
36374066096759597401414287 12
228969736695707947183 16
12792284868820307808 16
98552474503500084030224 -16
93689528712603163 19
5400951229508653584 -16
280054284983764 -18
866444465406553 21
5880108883466446089039015013 14
7596030926498418 -20
4067833676742899288907608845 11
1914807741903875173 17
658529980806236924894017037 -14
9949361107775286652818266 16
936939082974489715 16
9726412365671943 17
06712346019703703467 -16
62951923823601874535 -17
72992606608440004602652184 12
072579995100853761100557489 15
357342131842599773 -19
272122828987741048110 -16
8896383083442178821505 -17
23504617016154753 20
7041932424228516519152 14
5052782318264102225 -18
596367184539429111888805 14
5595572461386625411 18
2787301561819561688611886 15
5793124978403345948128640825 -14
87268866306033148616 17
74126732113099675015186659 15
4246701796195942946364 15
8389843912512998770 -16
08310995683436531741849164 14
6602696493545553 -19
692510252258277301820834 16
9122091609058060509242 -16
401066119039430391359 -18
1589089758120657412 19
304370756808621701742156 -15
622830987191780337842680 15
7901933007191738243 -19
9252252102943800168179 17
4721808995086632007130807168 14
985225759104625933423194477 13
7227231239362962847684387336 14
94971967865265894048133 -17
4286946122820111756 -17
0080917694674805108872364 -14
77624777781405429046 -16
424789924854085988 19
37824781133188187559122896 15
42554721595902172 17
508880556501872076509980643 -15
01027612226727703494520 16
8107087785632962981316557730 13
348090436617558 18
97630133383820508917 -18
6796492293734133543312180782 -11
0013022858888473711809764 -16
3753633066302904905 -18
795447864594713 21
0330003866941820159926939 -16
1215908505488451844808154740 14
6793530003163285 -18
379020904582510932282124 -16
39432114112264222709850 17
907724777529563495653 18
6611983447828581270647187726 13
610117800012599805091991856 12
3760141666202805508963 17
743631283843095 -18
33983258773774471986057321 14
766683908358433855138 18
843704484465905912597005936 -15
993552318801649 -21
0808876744498274116 -18
49067315165021068982376403 -14
2297813944159418482478479081 -12
63953922314848064 -20
4993379304196362978932 15
012956207179147628949773444 -12
228965958025702784584 18
27753584470102742730 -18
967197768007063230 16
344962088118609314698426789 -15
7582101906447039 20
888015086244898142 -16
001250209301942055588321424 -15
1863854575274054472141 17
78054648085682646533728840 13
9658816335102262799414 16
235862848072870308376 18
5842988947105852847 -19
07986875335195547506667 16
19302397229459647467 -17
109189745343966307627441 13
339581470427989 19
15214447911344704 18
64929787412933622321 -18
020234497168474614982823 15
398566343613389685595868 15
019458363961169520748288168 15
8338374029649317969679168244 14
3980664045544557 20
6905636722381276354747806 -16
454143855606906 -20
389064474603707091936136641 -15
739896584213533800 -18
8215353856209293852 17
86785412488593805251370129 15
330948389502824297857923 -14
80970710836688885201367 16
6934994410260891990783655431 14
133763840028703866022269769 -12
619749680795229783783 16
96368458045090110205199 16
08806594088526013 17
712020925618756469 19
602804334234234594700381 13
703090388766799922 19
4304483416158189783717334866 -13
75545529431551138068041906 -13
02264873477933768398307 -15
6689305735997201548 -17
44844571269802760680628 14
9055460305171241577874 14
0536004759338285113205180 -15
4590405700056316160592 14
6256125714402938290 17
6208094975098433949 -17
4986517869153342 17
91343999093755735409 16
7901688546921707558955 17
487010038309942723857798 -13
77266006859729551880 18
2541947620544602152854775210 14
5408844226746590314435003 -14
7228515400697533951877635594 13
03062255993670078397 -18
518833409512538 20
319316307560582763849425491 -14
138767912592527373 -19
6339479441076196415874398000 -13
130287265447408 -19
0806649047572313680982482409 14
872542418517182573 19
92015946711151664 -19
169377173361704766 17
63192079603134964227346 -17
687423275062994620032281678 15
77151429820359189127646195 -15
2827184312841780907741431 16
0556393141207802264664999 -16
7531048143631041253929 14
560717049675188143 19
721726395406945 19
6996466791021827 20
4574881584667649710 18
4759433585201168702 16
141989756132282766608134885 -14
42937357002185403124027 17
00822922190752644548435 -17
793895204176551824 17
141117945352094151458507059 -15
207453975412060 19
287516709738547190269 -15
78462171117828178163757559 15
849787377637498026906608 13
1698271871838672785095274475 14
83564096149057984 -17
19212061387619659471 15
48792979059569295741 16
3896739883022206741998579271 -13
076239112325574845 18
2268202709688300603282518836 13
0505711237287304507763819 16
6556334468793777320174660810 -14
07074792765102496870243399 15
450450980053232474204037466 -13
0506055213157850 -19
981359491970560001950314 -14
0473119654122316 -19
5670622509364427906 17
8335243339602547 20
7109535534973021 20
65440972538779248078204 -14
72489100292991938072300705 15
74362386966536311058136 14
1358449857210431911 16
40938516299785093621 16
64205491114549876294159 16
4691831963114191637405 15
9716778703682439 -17
99852120972352374584 16
832962359189729548968328129 15
15594142815700195520049 -15
407902660087356382716022 16
9561256298735114283079054 16
25821860203758195585367 -16
44753128327626579010 18
21154493389351827786 -17
93370517414460998 18
7339650421093587 20
51296816860802182795953 -16
660901385452285006055208 -16
4351563504897610360860619912 13
122329419210305 -20
2962052945329022315464 17
96060943033017616 18
212036652279579167625 -18
473374004314725667248552851 -15
6817094733894294316644151 16
507666021543475782069 15
612334668949634698400993396 -15
5845993883935842022 17
556358553133058827087188110 -14
26684306889239860 17
03855367290062640096596865 15
621026918627357419566 -15
89635138590855561185379678 12
9086808963487648001664 15
8429442654268544625270 17
04399059237158529511450116 15
0952171084722808509161062234 11
03509016025060256511936236 -12
080342470385506029380 -15
1566333853506426 18
20875504326345286 17
9055096541101043873166 17
3466209957559234708562382 -16
9876346166546678105295 17
88347606834527815333 16
8975683599592324359470 17
3725355162296150 17
530978309324872823097367359 13
657666519629484632 18
0236755044635881403614376984 12
6727436877033733151156 17
970056800593346651229942401 -12
425988057181339660835119 -13
0433213724898807 19
42035834367652501735537937 15
838662092841868468446364 13
529463664617534 -20
02255056762055017635720847 13
73411871370656628 -17
189684691113581105558530387 15
466950322976642431 18
79786317262689871 18
110478783332273224809129 14
7641167944670521706 -19
9865934023137433277 18
64186781394244092480151797 12
05073744733734804499279 -14
5023876822532602891210469559 13
1331990484429001985294194384 13
7625426175022303 -20
9443595155177365012417862644 -13
6983499683699977384000356 16
78429554923566512 19
1697256763256346823026481577 -13
99068033518892757303 -18
225593765035164 21
520911134128793 -19
55232854720112859 18
82156806588845276309000 17
111360351634905848346359 15
188362893946717 -20
396238649360021995745 -18
219922183444234932859666 14
560615749192005797422 18
74535620743624496344 15
74216163529593059948 -18
6117251142542584615758799134 -14
7438801831755712882794926 14
0397014186188692206228657112 14
603553373660593779022663627 -13
5807906952937224183302 17
105271387035056594585627 16
33613938299981633678145266 14
9899995188250549835483 -16
815191573669831 -19
175851573125743 -19
499302780470488875385713 16
1469756866864319211015 15
32310329574086713 18
036049053265218706595724404 -15
13986092753936032930318044 -13
2023477516719640847 -19
16135057884064518 -18
121686550957982924 -19
5984766100632065579 -17
543889714005637228359 16
5829869878246220605602838 -16
7845470454236975299 17
2028382590048153496954124 -15
2920226012629906378434089 15
10334285520642280291429354 12
2558242795406357421 -19
6294377803711599072079 15
729680184957609026140125620 14
271682666065996258 19
9596153220182948508979829264 12
5692427717533898858189092892 13
87679435895042799 -17
482131797242952295365685 16
7843034627565410893414 -17
73877916212063913 20
086198738718222 21
3018043085987461457398188946 14
7740081829237298736692873 -15
29166943621662952355308396 12
0781437749103457894364 15
75562552822491458706379050 -15
5658100221919629556619915084 12
593812270431156338127391 -13
9787817562459717 19
91342571475243764 -20
4560084369379315620956006463 14
716145331911920878803167235 -15
623997384548521 -19
416957719620625258639 -17
7832900995236577943094006 -15
3735307229964363 18
19046350655198079 -18
5760044317046711131929 -17
249958448900998965232462565 -13
671981409840560360729577067 -15
57219202805370861 -18
75790500080861212348094489 -14
4738864873739688 19
09235389795024352214879 -16
745260085486863871442361398 -15
451483864144027472387 -18
50742829656444366396904806 14
2518534452118811674789140 -15
74512914788956413283270 -17
6558240088364116803282792 16
74424457879916948049037799 12
7548171189015573432291 -14
1813640958663566531168538372 14
240822574126985844 18
75572474676927710403 15
06402294498269114 18
86209282717391520546 -17
7693641631322641 19
204918548335292 -19
35093187586694702579471 -17
92563134528823716511503704 15
639785871691362278521664 -13
03229922685457307618069 16
1123379473911952974 18
7697420951355189631833013110 -14
789994155955911872823680479 -14
117324507749221820264579 15
6066072535633867418829655414 14
93545029682027147142 18
004278030889350472242612593 -15
236787718811790340481231 15
655296594335054 -20
413899626592822410367573973 15
891382448538073921520007 16
5548633267237918366 17
2950958734294287455338036 -16
7196278417501075001101274 15
630237711006835253 -18
656049834016150751274 -18
9376612691144957262353609932 14
61816246673698074 -20
2772598061965975410 -19
69573536751204572 20
41511998992692895563 -17
67881310298575574705 15
910511066905521165878970 -16
70303842400363752 -20
6641987795410710261 19
4502057201147550 -18
709323213968287232 17
3667417079603383188 -16
32430588041754176144886 17
993124359226036116300272 15
137690135187069220271404 -16
4597047117622432471256 -15
027891501900879600122562575 15
47925470762729990189 15
41947509502705169780 -16
49411482380671428193038996 -14
04274843448471033737 15
78674414022788036 -17
091795433436011917 -17
840763015047938508251460 -14
5521850929336499576899000447 14
02048860508605668 19
542326147558768133 19
56100637613376263157308734 -12
34717129296858326114267 17
761437907825831252994 15
047075112820670548001 -16
2578111801467522988163557 -15
395569248596822139029367111 -14
2362398337125694678761362238 -14
0688511215404051711545228 -16
9423323449684150149492007913 13
259347989066855435203284337 -15
6587677348273510 17
513667109349676802342689420 -15
728151490211173438907 -17
18958436713353760 -17
3458108704535045108178576 -16
82353965644078301 -19
027498169239098982514593 15
6660772235474168638810377682 14
970338277748176631437090 13
6932981496771030196 -17
652560781213027288 -17
506877361358018 -18
365901566513977530884 15
86725524978888665 20
24036799189082381945781 -14
656783169806222659256291 -15
26010188996470028 18
151161869305160 19
67945104210729794611273212 -12
337658144780018250 18
072251758208898960661 18
579426856908324180319083 -15
0269708806889222198014398 -15
1588736975178025 -19
7740612130450818192 -19
3793150934975773193048677204 14
189692948963931988 17
5096752003309054675 -19
56336232854945911763 18
633923193274693748514192749 -15
54810310132842305 -19
9452655275375899174544 -17
876267069603658925421993 -14
505979251211480383961447 -16
40849487594487051 -20
4186528413324432661564437322 -14
8211413507201074990662 15
016805700923365816903 -18
906782388252218158040 17
0075934479010658 18
47102788130173938750053060 15
36377686311089910340 17
7991212933407300491431663510 13
84181991797713561495 -18
1571551031139897837590794 16
78451118946606214 20
3434554140162712930769 16
1122356824682116895 -17
388428411723306270 17
038978280049917792480427 -14
1047557671119363838731292419 14
0232875785689500043087966677 -14
4155968162224908458267303 -15
2534582807678230512 -19
5207851057436248 -18
83398681604819679433662 -15
035826289946933 18
494212191135278822 18
941998196305276431 16
44146590309267983 -17
7752121685609694651824699 16
429423449786431212247800 -14
841741010765534798772 17
167499196296371842645 -18
909559075078001585 18
25978746489803820236 -18
168414771861886586 -17
8426649681827066683990847807 -13
7732551310338671 -19
680924413848881839630290 15
0012787751737731 18
7695335355107994774 -19
7261174006981245379 18
443284661969479683930555 16
707580038646343913961888 -16
24495051097888908575865 -15
691199590062932447477928378 -15
276874496851811614411 18
5376132068268485590200 17
436919978534467778704634 15
16326648005444881229 17
130612021945736 -20
127930973437007386 16
17017236891202992292739883 14
74865216968963590 20
60053824737653118011954 16
518412588727341320914 -15
67911256049120334657309916 -15
915536430991775 19
734373752731953 20
9431999574779571661448503966 12
443874613080192182256 -18
430866119097408486440562884 14
6255441087734112460839475 -16
4493587726479881702269337 14
71353991821856641004996 16
560782880005630015723442 -16
9373530686824244293 19
041238613375391913488001631 -14
13726067281453812905 17
185119743180359722716805 15
0869016326207045076922120346 14
91264515546535666 18
5134498476536727322 -19
54320685237245937867038841 -15
1542740165592303 -19
041149586456284264664671197 -14
883932725099862499118704 16
96891607622446592 20
199566933190323919134576 13
54538612160545008 20
61275185881922849316494454 15
3297304429943332678293755 16
7058657389162198586264 17
777815251714894 -18
64693554248175528999084547 -14
4153932455278753593975 17
199970172073946848754260 14
268281069873222700 -18
822065050590043770537178318 -12
19445553355786715633 15
8335185950187080840021 16
174053913059720860173614879 -13
2461005407061918834180047932 14
599458770567808297122800 -16
212230568808530623923409259 -15
53620011762449909520010 -16
591517136390076028307979933 12
66423272796547571619000490 -15
581729074395138118624897 -13
773774501776692983653288455 15
2569418779388070023 -16
488171292893190048258202247 -15
5616500065546216495992615 15
0487584467118338811148 16
770342636476204 -18
664347373134899330290156 15
3919068798461442826463 16
580603848473480054300325754 13
763000254489039 18
85321522596299463145 18
292375834631344599 16
344971051599670217 18
1783403155797556569 -17
75322696020963250660694851 -15
2413014155266294477882576 -15
257311427110815844587 -18
7127769377449340953410088 16
431149642581947828538585562 15
6005993028541711652770931740 -14
49453801025390146637396016 15
099598665996688987 16
113135467945060203785017 14
756969998112084948 17
190598690740085360821324 15
36718180291406054355447 17
365504800401677320052 18
805921028437284310 17
12100549990999103 -19
3324493402066278454 -19
7603330122958179 -20
111233894688554286687916311 15
480225970052078395 -16
037278987613874592054570 -16
762905724066778820 16
7233218993724839089704237 15
004598514852199 20
85796047321892576 20
38658993933253639950827 -17
7669346986269736327223595 -16
04329837315145002 -19
4530928531125606 17
0921281867977965318215030 -16
086120223325923697840 17
326460700046143882 19
2573005927661694 17
33311192463349126934 18
082465438885554753 19
05707564302157690313 18
150805726068449696 -16
4533303941872764518296 -17
385600511888900363 18
6561229844060160105563383 -13
0174040916115730616668998026 14
83960320606447025028 17
20930928970453315864 18
41603818836502556136259720 -12
770631662095300051068267623 12
47240680230960019031466874 15
699966855613284912485115958 -15
578465107774983237527013136 -15
0781693707496473728 -19
3558941084794386050883553498 14
9080462046977527140 -19
16980640821902926325 -15
00975668002899796353 18
37825137752238282 -20
125271069914261162999596 -14
4441939584994122548038378 -15
601368429335560059 17
7810037264811847588334815 -15
530156281909723068 17
51576662752825683 -19
6040344805611054217837 17
8008506467211883938582 -17
6316068971464570 -17
1523099467947018 20
856618476680723230 17
579776058525598147836220335 -15
86138245249672253160 -18
6229315882191711177668246674 11
27139933857258996661 18
94101287271169535626 -18
141606090860897210547221361 -13
775813239227015679 -18
4269026770792775758204 17
4256167632139390012360586099 -14
666012058417717754866926 16
31417521172681500354 17
3217649226076615292902 16
8909229711439947622587 -16
4652452277801762057827440478 -14
637216157744410737309108557 13
4048851093614420488194 -17
27400387789067665794435288 15
4699933011568810495200886 -16
39125760362572808524650268 15
9781215909246390459487557550 14
70124075939107500057 18
1744940308049980 -19
702118595230142873876187780 -13
77542374366211284 -18
395884739016598629484238120 -14
4929251440560374 19
1714796906955368692286 15
468265481969066084367 -16
120732849174442960803486435 -14
27584074562599167 -20
5607167257328216658566230933 14
152978464056746 -18
771098408268255928027244 15
134594868630497653706 18
169880980991750654213224 -15
9018814681002342 -18
9567047524810027828048314883 13
789437411427821671817675648 14
045854091960471336888790 16
85921310519319569287794 -17
093878070730200 -19
57005979022178993714 16
612153602624328 -19
3283885043915328711095263857 -11
729497169737556879 -19
566688411544059015 -18
502637163352678171107 -17
9942338833968088056297630836 14
38338064863576183 20
4107336907206282333379207 -16
015843011378509231470 -17
5862042806800935 19
13702912917157511847332632 15
934855593325074087463496 -16
1483094498589045219209 -15
6907538413714276957167983 -16
282913058434714761186419 13
2096672869949956 19
7146520342990469561683819 15
34666684813346581095219 17
329687507044782662533111122 -15
5265611514210654443897 17
6977389567422103451393 -17
472862937239354300 18
887253170214199109103816 -16
2485963269015669 19
5805403295074398365 19
40978288658635212290126287 15
58922248808573503414520 -17
879390862640874 -20
2763890125552156767288 17
2764561327367907 17
700226227532999180149342800 -12
11673491420826825048 18
0364931807685930754912 16
2432087462730772702 19
402998758321859054601202845 -15
6335207919756356 17
11133199825073728 -17
87177404822050915761 17
34945146747891723311112 -15
955827618947549926 19
00707200854705271874353726 13
292992186368413412068135 16
9287626943253166980379998 -16
659927502066331356639405 -15
956341072147826 19
4692826032934968 -17
2344552953655914608608880 -13
4128983514950015594891958 16
154702156640381 -19
10054248828929699251 16
4873807899503912913 -18
249746928858268310081 17
