412112794 -17
93195179140173 15
481010 18
9825495398710 16
73528499121826 14
2852484 -19
36866188092817 15
75390284743127 11
242339 20
5960122528697 -16
3136400368 16
602329 17
07116970682 -17
587173 20
823017317341 17
53578428 19
488848 19
765127697580 16
01116030 16
130049275059 15
072085972 18
159401655661 17
2752302920786 -16
40154188 18
8692068 17
960699821 18
57366010 16
31710083801934 13
976137736477 15
2986450144613 16
6353936902 -18
741158285777 17
0845043 19
4483138 17
0304116 17
727068 20
13467252107067 13
279187719235 -15
1875086 18
682368327 -18
3476752234 18
029851076911 17
696243 20
72973446995979 -11
4018794 -15
6370446 -19
8776303982 17
3081200138398 -16
005951 20
295426062 -18
3161395 -19
9634161 19
739199073371 16
8784880178 13
626190523 -18
056901231050 14
86086734821983 -16
1527661076 18
41984963 19
38519466819505 -16
707121 19
979613162472 -15
80335432384 -16
27637008964945 15
622039 18
9247587971551 -12
23718006369 15
963427784969 15
1346177687350 14
51911050296 -17
48835911 14
1465848 19
3294797021690 -13
07525226237560 12
79464960123012 16
48880966306 -14
9002487979 17
3307130569556 -14
038384 -20
1508286623 18
21316060 17
93673076925275 -13
1616980 19
690809976138 17
32278983768 -16
677879914 -17
039024791945 17
229976860802 -14
6213296110 17
1301491254895 16
61471227 16
0236969 19
393777 15
241150561060 16
50137034629 -17
33550219169 17
8400307955784 -15
677149 17
69206821761480 16
5559366013 14
59175324 18
311002963 -18
484110 19
1416643667 -18
60651602793836 16
9627097266830 13
6103786500 17
70997629639350 16
51051452221565 -13
51579064 18
39396266 18
1828030 16
0653951451438 16
7415647 19
241380683 -16
13901960225443 15
33696427142 -15
032555999 18
1973497090 17
798443795306 17
5623806790 18
251414557 17
047403 -20
201160747320 12
095773142203 -15
7681327678310 -13
761103163 18
49244625224 13
712872563 -18
01904603344832 13
089280820 17
6807723156708 -12
5409408085361 -12
287463301230 16
5226491059 14
363666 19
151047 20
6301241866 15
8548653153 18
4308112941784 -16
639612080334 -12
0563067 19
7859897 -17
5606979 18
585156232 -18
27508726 14
36576116 19
816860308 -18
302532946190 17
76262275129 15
527631952636 -17
6353046 19
088162519310 14
0470843470 18
69593020569 -17
823105781135 14
9271677721903 -15
25837484 19
99401615 19
48401079169 -16
30888747527 -17
707289 20
7524947 19
814822447 -15
82974842255539 13
2403110 17
6273739 -18
7630791765 14
102616 20
6625058 19
0838698337746 -14
946774069 17
8861586 -19
409189392485 16
64770355900 16
99549716169 16
736516168 18
61659647042 17
742584484204 16
866545028 15
36363073 19
9401145 19
563039 20
70265854306440 16
79976512622 17
09691999 17
30293398635464 15
1162183634 14
6619161973414 -16
997571 19
0823338343321 14
238078358270 16
80670699420194 -16
247063631826 13
389759285 -18
4913399940 18
35528074497440 11
305352 20
4695306536 17
2028705333742 -15
14572547 15
42811803 18
1938316 -19
1202140 16
74813189 19
9458281629 18
83835084304128 13
364299271 16
626211 19
926998133859 16
4200505 -15
735354854036 14
44451978775 -16
8763525943 18
94234541 17
75995345 16
110644023 18
91743079 15
60814746656173 13
386834 16
87066810277283 14
462146972 18
80893370 19
181952736 -15
094059202 -17
76763999283 -17
313091328 -17
332770798905 16
867292827633 -16
29729973 18
103919 20
87398360833 -16
61303890 18
452501682 18
76346644782 -17
2030390 -18
407720277 -15
744664 18
67563080326 -16
2386060 15
81291039 15
2383346629 18
86696792092001 15
416761 20
587172 20
6054910075595 -14
0859525 -18
36727067444269 15
8096506472 18
0646982540 -18
148251533 -15
606843 20
8252507 -18
72383034447 -17
34921499235518 16
7856368053 18
263973793 -15
7498141 18
26289736 18
612258812321 16
612513940167 17
2240015909522 -16
16564510601 -13
1974776023 16
296927520269 16
59590890 16
829542595 -18
91031169793 -16
2132193981 15
8289896 -18
890332219960 17
089518254 17
153593113 14
786352326 -15
3152550132586 -13
314660 16
8227771427283 -16
91602160 18
5098895018 17
8264352867 17
6272006 -19
6954067833421 15
047319461638 -17
31356962271 -17
98250429 19
3060614 -18
86214201896 15
33209488261791 -16
012375150 18
3603469 16
684764 20
008108512 14
604863 20
3299230260054 13
208374305 -16
295459 17
19232964 17
581277172622 15
36319219946590 12
1854902643913 -15
41378218 15
74801500487812 16
02859331294 -15
688227202062 12
143935 20
40848972 19
7679407 -17
1336160 19
193445 20
7314620972 18
612961 19
727599 19
837580136 -18
19065146266 13
6475751 19
5070572 -18
409524496762 15
72965775205 13
0623063 19
9691794491202 15
157700832 14
5783770465609 14
43090591306568 14
3222710919406 -15
545023 20
225544099 16
25597958158921 16
612887691793 17
4547338173004 -15
92998379013615 15
857262761965 16
2850305 -18
58981237563225 15
3829548958 17
5477285725118 -13
1684348 19
10347842967136 13
8458596 -19
7845593228 18
828270096045 17
5731957063610 -16
969626 -20
219270421675 12
18887767494 -16
70961122915586 -15
89574086 19
79649139 16
685453 19
843311791 17
05332430265138 14
92193162099660 13
35259989504 -15
0790931477839 15
476640 20
4336690315 17
69910484632017 14
6755862 19
1592205337 16
09318278826595 -15
7084422019020 -12
750574210 18
48435116 18
22820285 -17
373790 18
2179214446 18
990636014 17
20732750147786 16
55262502862 17
3723737453 -16
4349789080364 -16
37835278 17
1848591 19
1718345698 18
8900476192 13
0022530 19
717933 15
9830108901 13
74122680439888 15
98828273173365 -16
56295479 18
530376984 18
8352781741817 -15
55682821521 -16
603163 20
70454009 17
363987024428 13
0123805191 -17
114635466 -18
65436133 19
7341113178 17
72424031 19
260632978 16
9004940 18
69818700507 -15
002393547 18
5258984 -19
96546995095926 16
994119585083 16
997471247 -18
80213811 16
76442698654130 12
5011832199276 16
4575969 18
40112156297 -16
05345238 15
5611513244152 15
31624533530 16
33915253 18
57128499205018 16
8405292205049 16
135161886 -15
37710170303 -15
35241940762381 16
3608487532205 -12
9595631 19
5098474 -16
4351838 19
337073 19
4849717 -18
87319792899079 13
3202866333166 15
335259 20
0811234784 -18
23798103474356 -16
681840612 -18
085981535 -17
927462799810 17
449082808 -18
693536833669 15
368069578 -14
09727642 15
00999933254182 -16
42303606 18
9106069 18
675821022870 15
1271026 15
1575720297 -13
5003487257121 -16
931744738 18
9595122 19
855729507 -15
7616972478335 14
90754671 16
68362034308 -16
1658818341 17
687160 20
622039 18
46775577709 17
049724883 15
677474606 -18
4848312 -19
6756205176 13
2370099860235 -14
37255829 16
7548937611 16
865547088 18
31973932941365 15
74032512 -16
5373983389 18
68600357 17
879884569079 16
879127891265 16
769147170340 17
723829473 -18
311139 19
5389984675782 15
585238 20
1744153294 -18
85423515600916 -16
50532881 19
111170159971 16
72537433641 -17
5800645218 17
0923603831829 -16
813068682 -15
62582708 16
1329014894881 14
193730 20
89302872390 -15
61477091617696 -14
3267147879197 -16
632962 18
7864091915 18
56828625913 17
3581151264338 12
1898820569991 14
13757463 -19
21360038 19
661643039 17
300038 20
068631231 16
1525092419908 15
204285258 17
149404 -17
087204807934 16
936545955145 17
9349225259 17
8771988949 16
3037902 -15
90458251093228 16
12864109938883 -14
7241925709860 14
303369992030 15
11482805150 15
46465962012061 15
39260205819 15
34366270 18
024831491293 14
0050276621 17
39880485339543 -16
30784100682 -15
192610 20
27941549674 -15
5412615927266 -15
51329838 19
072954392 -18
0204607169 14
373756 19
4321688439 16
58763332394789 11
34286737 19
689663436101 14
57105692436714 12
5825293 -19
1869173 -17
8411331160013 -13
23779631908 13
190534601262 13
9804129424 -18
81075941137083 16
9135193869801 -14
5108792813 17
29882857 19
61175026 16
316168 19
0722266602220 -16
215826444 -16
1576450 19
921565009 18
626252 19
90520250384686 14
82969426448659 -12
2929385 -19
8767444 19
0477079 18
22055350330073 14
4159418 -18
673999236634 15
67322818 19
973807708636 15
4771797 -18
92603445032923 14
414916 18
427983733724 16
84065789225423 16
440060129562 16
656959 19
7358559844950 16
0998542025 18
454026 20
455926 20
848614923967 -17
7635543276380 -16
5712961623 18
939383 -19
68613517 14
582788109527 17
682603905934 17
96124248017 17
37507631 19
3733564572884 12
23103261615 -16
911666292670 17
84253046061465 -13
42102142609 -15
419948 20
91473078104 -13
49843097347104 12
78487795250464 -14
6018018763529 -12
3714170 -18
7135788277 18
295952 19
91093038178869 16
696123 18
12894318 18
457672 20
58408441118043 15
4858264 -19
114011944571 17
52074828816 -17
17501929 18
257226708540 17
415622106 -16
977782047270 -12
394217883781 17
697183734 -18
735457 20
595102 16
4476359702904 15
233303024 18
73122548703 -16
0653300934 16
22278091950187 15
281927 16
9884144651386 -16
62125380386 -13
0448272341825 -15
31280717 18
8299312485 18
709554 19
6041304 -19
68379980316 -17
1834794888387 -14
3090002439 17
676529 20
1814519194026 16
312637 20
93828003 -19
59645908 16
922047713006 16
3984499268 18
32234719312 -16
93169396102289 -14
103069716 -18
643164635 -17
66888859056 -17
549963533133 17
890605389 15
1693561 15
5977303 -16
520729290733 16
52340613172 17
84631049 14
54493703873055 16
521151 19
582462540370 17
4463852940524 -16
8281029 19
931901269 18
102608919 15
749680795229 17
2929199 -16
173272447 18
43733874 16
417976 15
14907119960 15
18184493358 17
24671224210 13
212787585 -14
5558737022648 13
5320537086 15
71391199 15
717120 19
7241965586 -16
263436 18
16817858180554 -14
1487010 16
5559118880 13
5061862454383 -16
9138184270 13
28656121592 -16
9678376081 13
8150294609258 -12
91180951 14
9183476979917 16
59005660 18
87437670972641 16
9633747282 18
922890812545 -16
42944666431887 -15
14420912 15
17034451289 15
295252 19
5914313077 15
436927911043 14
37407810389 -17
87494791 18
41779087481 13
755468 16
72806541334 -15
41826962960325 12
87762823095185 11
29519927 19
89086252985 -17
673739 20
4145504 -17
37325907 19
2896336188 17
24769929817356 16
972775440006 -17
1560216323265 -15
5356781194792 -16
151937808278 12
19518894885621 16
60312918 19
964605017 18
96281515 -19
271714298 -18
956816041151 17
49617573285838 11
9101938 19
19117023148135 14
6822079060 18
78074804477 17
200639411556 17
90703273238 -16
06015999436947 11
05187409128136 15
81113722551402 -15
724686569402 -16
73686751151 17
7071594 -19
3162816 -19
1594356 19
177472931964 -17
7727253330 17
99937278134 13
15725225654 16
42131068 19
785058015 -18
61431882040389 14
6522376 -18
98889104775824 -15
9387270185900 16
61920261 17
62013106326 17
77183834 19
996904373244 16
70025274 18
80808458094730 15
54461200991586 12
4851481 -19
1601962 16
891855669 16
08469616216 15
997387379 16
950819919686 -17
29584988101 -17
4901175057298 -15
609339 15
300859533678 17
478848 19
1848297923 18
1737360 19
84416695585 -16
221575845257 14
3076380619318 -16
7424552 19
81061095983 14
60946097 14
9502252 19
420607735363 -16
48256867 14
46751663502394 14
34469901211549 11
213929 20
766140792 -15
042626 18
78378929972 -17
26014069 15
993430684198 17
9366031 16
0707431 17
32397471 17
5161296 -19
358973484111 16
159880850 18
9021117013 14
7951788 -17
8215658 19
1449580944 18
92867773630797 -14
8359067480162 14
620378289261 17
52092137 15
272759 19
745971 20
37715279 15
82877917474253 16
9431247 19
9805282 19
0401779415780 16
816485 20
87381352353804 12
538797669 18
3888923761890 -14
9947718080314 -16
9735117295927 16
5829494 -19
47419422729 17
627342602514 14
977554604 -16
791940 16
808734304758 16
2924954878 13
218052698 -18
16939253666 17
2279715 -17
36617895 14
197713079 17
0807289 19
7714581935531 14
9603367 19
0825282 -19
6787240 15
163016 18
4801166983 16
829730342589 16
593925517 -16
3170703760 16
93243307847905 -12
79855792821297 -14
9852839416802 -13
0452057575 -17
202518 20
47817046 18
41451809128091 13
72300035 18
577168 19
029856029783 17
54984019666569 15
0260233958675 -12
006513734545 -17
14004165 18
30895101093 -13
979442628604 -17
30631960372 -15
117565720 18
0423396457484 -14
042883179736 -15
546057 20
90605423793 -16
59116757 19
4060717 -19
68280002627745 12
6405953 19
9930283 -16
78718935293913 11
8768250624 17
757488804731 17
65994817483 -17
9516360 18
45755178024283 14
6603636 17
452740 20
577870 20
6790642279 17
72285311 19
937971 19
1019527663004 -12
6909998783730 12
69828028 16
171869 17
423730880890 17
0869441307227 13
3643060 15
2027502 -19
55579653061 16
6350903431 13
592180 15
98375976 19
774140 20
36063945 18
103566066676 15
93157802650910 -11
37878502111 17
4950185112890 -12
51329011539701 12
5415740 19
0891065059684 -15
522952 20
10404682957658 16
86376309 16
89495126671663 15
29720666915433 -14
794100 16
83132518642 17
041413 -17
60532190975128 15
3679487 -16
4678360128004 -16
214507326 17
726732067065 12
37522781 16
384835 20
002820 19
208051 16
731376607 -18
91473377210 17
58528819 18
174571320 16
61912360 19
6014044361447 -16
51920059 16
928285 18
08479744327 13
3770056829 16
2021174 -17
303081 17
09700480154032 12
885909 17
772195829 14
2479874370 16
94366463719 17
250521260 18
81224626748 16
09532020774 -16
00893725637 -17
78352484157 13
8527242868498 -14
48403681 19
216307485394 -17
020967318911 15
77171831076492 -12
328406536296 -13
2796261987428 -15
2990452814757 -12
988286463 16
8738065107693 -16
306069992 -17
483979786 -16
7272436 -19
978066326297 14
9868731804 -18
4876451799 18
045460620 18
9828895521 17
5840479 -16
102725 20
34764516 19
05176908086 -13
71742659208712 15
1280879636788 14
5897558026 18
534040 20
267820502 -17
53581719694294 13
1158218326769 15
011864951331 14
35752677647925 16
7154874328822 -14
196869 17
196968 17
676242 20
2324544809 16
8408384980 17
745521170471 -17
5949155950 14
041494 -17
4058766354140 12
3840606 -19
740373 -19
13130489473279 16
75818424 19
07580051341294 14
2865552360 15
20236924731 -15
6922303 -16
2987191784 16
017450950 15
5767510892 18
7129606818 16
1163892153642 -15
6363050 16
897816188878 16
8161605 -19
999262146 18
25677467 16
189999137142 14
524756 18
5151011960168 -16
683000 19
31944218 17
427871 20
10583799924916 15
67263624 19
7180702 -16
144412 17
984048 19
252514208 18
21583699953 -17
0319676371 14
08013491072084 -16
7154740 19
13371322839 13
51962951429 -14
59340948 18
75984466114 13
0170187247 17
0397039 18
09736165 18
30506439 19
6007860682696 16
8591484976 18
4281378043 16
806956908 -17
7620602867 17
472122157289 16
712305582619 17
