517979557 -24
664786532 23
3270014636 20
52823644780 21
586236205410 20
1441822353 20
054364162387 -20
69343568 22
08889573189562 -18
4195395136 21
6953039067733 -19
514959015 -24
6168313093 20
53243569724 -21
87550438754844 -18
246214838 22
28101909 21
369586289 21
4867698689 22
7697580 22
35874236 21
80695964523 -23
54596983884 -23
3941373 -25
67459427819 20
2331252 -22
0564492018046 -19
2621474098 23
856967 22
5113252760 20
6321681437 20
732929913394 21
554483138 21
1034322 -22
27768171866032 21
76959786 -21
9766880 22
63795998672 -21
775987152 -24
50005412363 -20
5641837157748 19
469326231764 -21
0275189564 -20
53506465 24
6729736250 20
5171595 -25
2372110 22
76296393508510 19
1141201417247 -22
4748224 -25
445107672337 -20
132442038 22
06157323 -21
85133696427 20
577314220 21
62746274213 20
150549246 21
9222542648 23
213930 22
691629528 -24
32394127 24
455342 22
4653677403148 21
6556306970544 -20
15623227305999 18
65177969 21
394231 22
645758 22
70427666456 -22
032490501 22
3731413 -25
2403537475 -21
36614046 23
42584484204421 21
17239472140 21
64165378063 21
8536999899437 19
036748542 21
83324578475 -23
242518482 -23
439164619 21
86124586769077 -20
7940466134 23
85748078 24
57898653 22
3933434 -23
6765695 -22
4596758 22
945679869 21
0483840840237 22
95696996 22
918344918 21
356406400508 19
46318830 21
2695160303 -21
1782347953815 19
614164692 -24
2760280950053 -21
716881055289 20
3138305 -25
95420421251235 -20
60647800417019 19
6844916673884 -22
36283888779 23
312531875589 19
38568840806 -21
2819151 -25
65614321403 -21
14534252 21
2913543355 22
4858424 -25
806732288831 22
844226885280 19
04694064130144 20
468547485 -21
824038156639 19
8186515729 20
3078863921132 -22
25236450 22
1246997426089 19
6278579352183 -19
4941384 -25
433645 22
28896367 21
60788724553 21
655467 22
43512930 21
30051469474739 20
32430265138937 -20
7803563954 20
180752542365 19
6298235882777 22
63201724 21
4149514 -25
85811045352212 -21
6755987260 21
29822155567068 20
6070737 -25
7105961425 -20
225867718485 20
302539 22
766875 22
5258172163 20
8564318220617 -22
69250495546298 19
65951216787808 -20
3326466743912 20
6627889 22
6835545520 21
2342140 22
25459643179100 -18
2211037 22
823738434783 22
746960 22
4844363400561 -22
11172671491354 -18
52708610723155 -20
5345600784 -20
430114562731 22
872799240 21
142005180885 21
6239128461871 22
292717577441 19
233128916940 20
765458 22
23804446226543 18
157586122676 -20
585760 22
8270828 -25
7069452362 20
043533446797 22
21275250 21
23481599489 22
474770825979 19
8677259 22
697064 22
31644541473 -21
14761824960 23
71071731388128 21
6254769444062 20
24461031728 21
4214496323607 -21
3029323 -25
7394965865 21
39623126 24
4461606 -25
311058641130 19
5622695176 23
39525237 21
314630 22
62371687388 23
3938392 -25
45525662 21
64808568 24
20393061551 -20
1348035194169 19
459506947 21
78698274 22
18531042374 -21
567874 22
3242514668 21
113175976 -24
815947565 -21
9505201315525 20
8911678006874 -22
51026049235 -20
59650174917 -20
504402363148 21
9044415483 -22
167375109322 -20
6567802032721 -22
5762722750 20
58508871 21
114942584 -24
482291330 21
37087062281927 18
2996898867284 22
1233620 22
203126 22
5252597 -25
477189479270 19
12337003554 22
0155342200000 19
31242642 23
3377872 -24
5109299120192 -19
258425775 24
70943568603612 18
564878089915 -21
15217911589444 19
56750692150 22
52457661726086 -18
432135 22
787665 22
796068 22
324731 22
3462636981920 -19
3736173 -25
234204504 23
4186806938 20
05579261203842 18
788665 22
3610663794045 19
998579271 -24
4737403 -23
051004487323 -20
9912315427433 -19
8730691735603 -19
343221 22
86946759894204 19
064336480793 -19
70544346 22
586467 22
302935 22
16756951682 -20
224371003630 19
4587267759267 19
76856089956 -22
256298735114 19
2762657901 20
5211544933 20
5156895861174 -21
43644122862 23
70138193253 23
845069826917 20
4384550213142 22
11712588662 -23
5845424 -25
382130 22
048944816064 22
94865087713 -20
718543184935 20
50295828 21
32376062 21
75683599592324 18
43672048707215 21
6848696 -25
3213724 22
658946919857 21
56377357 22
414991857876 20
9776477312825 19
176411057055 21
833950645 -21
2439566051 21
697567453155 21
1630608537 20
84284925003 -23
564227865378 20
345236 22
523950644 -21
80528480594 -20
45491230 21
4424011266457 20
8649452627 23
957211920 24
5862551711672 20
4386321519 21
3421556175486 21
85842462606 -22
2893442684551 21
86138823549 20
33697164 21
645768 22
66020345197726 19
434550563 -23
39342040 21
45834621 21
123024 22
351854511839 21
13591850433943 19
35370509 21
706964 22
301432 22
299840949 -24
824367759793 21
6256505 -25
89575036 21
6608858596719 20
9809927353906 19
797863 22
7720253535 21
564282387383 -20
41447439351771 18
19832402976464 -20
716869 22
72498165317648 18
36311016 21
4147296822743 -22
87255286416 -21
6057137969 20
8705670657 -21
16657841 21
75436859 21
529409956202 -20
37304808114 -22
475872829129 19
6746859 22
502423573 -22
6347573340 23
67776978781751 21
240293128 21
5148008000807 -19
697873 22
252787850 21
872635559980 20
35376441 22
179744088 21
524346384 -24
685457 22
746960 22
423041 22
785617157 23
8665620057 21
463031 22
645758 22
52360685933 23
205622527025 19
2563943262 20
636187758 -22
2420244856655 -20
384241 22
78696564108 -23
52773661906195 18
54393679550071 18
9202325395 -21
68912911459957 18
8976995470 20
8806889 22
4859585 -25
44836354088 20
2467567848465 22
07121354 21
324135 22
75392026180 -20
434556 22
516857 22
754532749 21
65055356897 23
8554563969 20
2472018693 -20
1568542241790 -22
18104945 21
455643 22
49656720 21
644934574878 19
654405441 24
1797463569893 -19
3247804379 20
6899796675 23
595443608 -24
1859957211023 20
323654 22
4274156515 -21
1453330394187 20
455659452 -21
2929273 -25
921707757557 -20
634074637 -23
8678279 22
62320493085 21
747282041 24
586457 22
516594531366 -19
47411250 21
978826270 24
5251594 -25
3874836479 21
3934197247 20
69363024605715 18
07422856362494 -20
23856771420 20
30662602107 -23
518841505 -24
660476141709 19
3961744940 20
873876187780 19
88354615071392 -18
2729372 -25
35183131897 -23
947652153 21
63818765 22
94483921491265 18
62822419210 23
207328491744 22
476558296 -21
7735995772068 21
313428206 -21
7634888672 20
56071672573 20
45425813 21
5033227472000 21
06326133721 20
1002342566147 19
96740776784 23
787456 22
302041314 -21
4566057 22
586953 22
42442831 24
697278 22
882892969925 -20
155417236057 20
99113071 24
8413822857303 -20
73259305074 21
841376194251 19
5366535 -25
22198601841 23
786975 22
7268796 -22
231267147569 19
595368 22
360695954 24
9882509745 20
454321 22
55300597649 20
1159035660208 22
59677460 21
4057521877 23
586364578 -22
984778504912 19
3759373 -25
23515490574 -20
49673888386 -23
82569710996864 18
775016758 23
25715436 21
83795548866907 21
84753156 21
79461550 21
203124 22
9283877622 21
143220 22
2391430 22
8707946618 -21
702556062942 22
72598824218639 18
71646927585632 19
83557407157 20
22633503176824 21
202139 22
05421702747356 -19
125934673801 19
293120 22
2274466836098 -19
13423249 21
596778 22
7664785 -22
43399379073552 21
69803717868 -23
79660148761596 -21
343871747667 19
1419057608 20
68727169 24
4851858943616 -21
51322739 24
8553676058 23
7757863978 -20
616870447 -21
365156384 -21
646569478 -21
8497349582376 20
1012616319673 -21
2041256339068 -19
42614160 21
4229292777313 -21
5329707286 20
46405824826 -21
76986672 24
0111593512 22
6188686 -25
545746 22
38408152425 -20
8561245340232 -19
727891418032 22
754110750313 -20
864544389933 22
5148235642 21
421867402564 20
05640385387958 -21
353920 22
45657755730 23
6060367562 21
3723837424558 22
576978 22
4574650 22
7359558849488 -22
51814049202 -20
686079 22
537573715 -24
484221614 -24
434125 22
6992647058109 -19
75363120448386 -18
60470668989360 18
595334702900 22
654367 22
124425346 21
42366945 22
78407980 24
896775 22
212413 22
314842 22
51500786244088 18
115411930 22
00118968 24
5194539371 -21
3790177754928 19
434859435 -21
57305067543 -21
3911393 -25
6015338473336 -20
423145 22
52435882 21
13032464066 22
838765698 -24
491216433 -21
752375824 21
51248237519 20
0140624336 23
9288292130 21
55723442340675 -19
828210668 -24
3836949339083 19
39562177660457 21
4764237644196 22
49184415 21
736978 22
79653378 21
196189360 -24
398348474 -24
356311938 -24
936551896 -21
031181702 22
535446 22
7654368 22
2437281355454 -22
66420734242 21
9609984652453 20
59639860 21
06854631270395 -20
765468 22
33154450729 20
296536610446 20
6793546250 20
324931 22
69505768 24
4028272 -25
62185053 21
784884474983 19
32673810 21
7256513499 20
464335 22
486332773 -21
56169524434131 20
12571024 21
575068 22
595251213 -21
87755673 23
48525293328397 -19
596392939 -24
3325232 -25
38694630155 -20
7663701354 21
696758 22
655234495 -22
247740465932 20
63419190402752 -20
947195957 -21
3536392 -25
292849480407 -20
3165494255754 -22
38151230 22
662682903 -24
42470435231802 -20
457315249 22
44932089520 20
54633967 22
60474537 21
24504962834 -20
2602347184924 21
69683831 21
787962 22
5633653063 22
01227601859 20
250703453155 20
49456230 21
12303938248 -23
685759 22
675458 22
49757665901099 19
5171535 -25
635958 22
6142094127 20
697068 22
69687511 21
61269525384 20
11224294401 22
0422644101 -20
676222581722 20
12545350763 -23
313442 22
2596826535 -21
606557749 -21
2404138 22
32265910460474 21
223328282 -24
97732090628499 20
0400780123049 20
25899236692957 21
2253110 22
324130 22
8763860048973 20
2328775054 21
3017337317 23
547609534843 22
12443018583 -20
32766678220183 21
7138442235169 20
344225 22
67647125 21
531412260 -21
314004951267 20
7726968 22
8696087 22
585195295158 19
730681484461 19
40797625575 -20
3684494500 20
355195508441 22
7615239781 -20
803273747 -24
2682532628473 19
3932314 -22
89709174 21
746960 22
58343692 21
5570362608952 19
54960052614495 -20
2642464 -25
8798176 22
30206924717133 18
75481269967864 21
9617865 22
6277626 -25
67712534626 -20
9397222783168 22
1122630 22
76514380972162 -18
38676770 21
04734498363821 19
1114099054336 19
71687789 24
264687972 22
622030045820 20
603182316548 20
6067787201 20
54528830 21
236357648012 -19
686751 22
12881285530593 -18
727585020 21
6840494 -25
67526888 22
37803007169419 -19
0448224935653 -21
5367135877 22
19291124 24
649242331792 -20
53787401576497 -20
142061330 22
363328818426 21
652788271 21
41258827832 -20
77687960 21
657968 22
412949575 -21
341683949 21
3188674569 20
3722363 -25
3213654 22
0354221 22
763687872634 -21
35773406 21
4749852680 20
57904676617947 19
41431936 21
899275457435 -20
19652581547330 19
68888323679416 21
68658196 21
7762688295552 20
71984235407721 19
1835393 -25
0434556 22
328681987174 21
0652241010 20
545365338 -21
095284573876 20
211334 22
0246734483424 20
6190416915845 -19
7227371518140 -22
06502647930 20
857893570 21
4654900503643 22
456763 22
472914102 -21
2438405028 21
761388072 21
7276068860 20
35957863739404 19
92643786266705 -20
33474661 21
6536450 22
016795864 21
71263544953 21
735798561169 19
336514741 21
39583264560771 19
63317368 21
01223307551 20
59838580902 -20
6132273681165 -20
5858596 -25
203726298 -24
43367790560728 -20
314942 22
230503285412 -20
7970746 -22
34975611837617 -18
885836101932 20
4025303961 20
36570233907978 19
54707469439 -20
77455341 21
473132 22
1303233689611 22
06509710856494 19
8435856160 20
323021 22
737968 22
726968 22
6413571968714 -19
67217200217558 20
624533162 22
689842699311 19
43298677373 20
1757904414869 22
56898311430126 -18
27414023 22
7505688690525 22
343642 22
479464978 22
3057760157 21
1562264634984 21
6949754261 21
646970 22
21240304 22
32606134184233 20
76996278 21
50958643735 23
35367468 22
029054428 21
1491382456354 -20
49151945017118 18
955607708860 19
546768 22
4151454 -25
5146565468807 -20
2048474 -25
36455387414 -21
1434168288438 22
6713585077 22
5363645774 22
6840424 -25
686179 22
3496635178 20
389286944758 19
97473440443902 21
516051582 -24
23493126 22
4769297731622 -21
26045816957 20
20614345 21
37764341 21
5339863446 20
1132130 24
1317323346 22
7678657 -22
4365170259 20
452436455 -21
05221643227 23
2345327616474 -19
45983552238 20
814461134 21
4313028 22
7558346220 20
30120420 24
302124 22
2864355458 20
21762104186079 18
6685054 22
586957 22
96728848075496 -21
6759686 -22
68763922329128 21
696178 22
06120913 22
5437668 22
290804253 -21
014018432688 20
49684002236916 21
363211585562 19
211320 22
303592422714 20
61876875 22
232051117 -22
423140186 -21
48595579834 -23
40856653372951 21
877569 22
6305839990861 -20
9916201824340 -20
972287869051 20
423465628 21
1943753648 20
9585168306 -21
7367696 -25
719815052586 -19
256570466 23
899877456 22
48653867556 -23
644625434 -21
424130 22
65411743 21
43363579685 -21
45533996 21
35875661 21
303412 22
696371247 -21
00164960655218 18
20156191786679 21
66232130 21
8357743076 20
6073676 -25
5071598071462 -22
21995705591126 21
52285314 22
131522834 22
104426081 -21
43454457 22
9676884 22
717869 22
33097292754302 -21
6695874 22
81508997852895 21
17178937137 -23
487853788 -24
4951408549908 -22
67650955341 -23
70227449670430 20
995604727138 19
8359696301811 -19
8322831402 -21
7674664890 23
584656448 22
886727068 24
4543278861 20
86322062877302 18
41266040 21
67634519 21
646532481906 19
414239 22
65016987 21
5600684873 20
37356642614 -20
8513616759 21
9943495752 21
000163901304 -19
662705258 22
58942774234961 18
5339957470 20
74800680354361 19
5038303 -25
03133475678769 -19
654357 22
706974 22
6475087922 20
69885869373 -20
7358056683550 22
757317636359 22
9474563 22
413393150421 -22
14493539 24
50696033053 -20
352059192 -21
0703423821224 -21
7424130 22
311230 22
3528393 -25
451620042 -21
463140 22
2344650 22
4009363901 22
90442354154 21
4127367965 20
8262896766 22
413532 22
2286632182234 22
2733807376525 -22
708955857 -21
0167407246353 -19
357594120614 -19
212543 22
42104542665424 19
49483265 21
78636577 23
69436883 24
21061337 21
0180116262688 -22
95869575 -21
625255376 -24
6359573873 21
25586964373 -21
867535863347 -22
636297755900 20
69167570850 20
203631 22
71599574 21
30566431 21
739122510 22
93494101437 -23
964881628404 19
039021022 24
25359382397 -23
6470784588 21
7975687846636 -21
64114338198246 20
87244165892158 18
3744313 -25
3085228314 -20
4047384 -25
352029 22
86732605 -21
47677206679290 19
76509458 21
06779841616173 18
8027624569 20
9887451597 -21
28434165 21
99966047943888 19
9242835267 -21
5473700056702 -20
4305976450667 20
6583538721 20
8737546807 -21
744142391281 20
6557227430 20
