5751150535167886240132331372246 3
3613105651684270856003150852244843364 -2
553243364186610205447041178651502267778 -1
6553533671556700066117077118888048 -3
0155300113168472205832550874661344 -4
737250180515643277223823388667010 1
805873166167157522230788706633080 5
110013646452576655523442220647377070 4
575605164142155062180444162882026777 -2
516555203423872266645061438432147773887800 0
43207430327000251217245387114175364 4
3574148231070442332476556560663581177122 1
1344514242386718510545788221203 -5
36253166753356075387105476721222088 -2
1716331102865818750570028022332 6
07506674551885867017110865742 3
276344358723722118156611445547650083623070 0
68630366051336882117008511405752485374474 0
867106828807328661530056173225125105337 2
4414585553866514480100210312380283232666 0
3412165444453883116506022323821887706007 0
127461083714204235710020816243468 -1
70614325437503382304472278855721 0
6584067673217753733252030026684 3
87374065850462887651378764212 5
841026235105655118570100888322673466277344 0
346016062378305665430035875288512281 -3
5718234270287883773542210001548535666 0
463673433078624445101537810022188677815 -1
24266753347871224131130402687716 6
02871206530067063335511851758883227124467 1
871760537580026744442303325688874366 1
6360706601260433417337471855171 6
0727545800448771018875202251165218334346 2
51283714022146306510147246008284566 1
701825167434408356684265456007883375310 0
57805528814336868276601005736032 -5
447041261378023547878276882561211 5
4784648621462667222558147778110833331555 2
13808456881248325644637565522 3
803831760548188522176661542563250700127 1
400305882300122826365283374666 7
568016542274682017061172270031457648458 -2
13770442514531202118770583442203505 -1
3304853321525762106553478777202111 5
8840637526763477706618035453108 6
31555314417317072006650866208876 5
02757586143034886377616688023173 6
0144870417477573128588800132522541303326 0
0144627532782445370812332634776658801101 0
2075621521343557733850286881001083772 -3
658513417077818868106655700335022327 2
2217231862812584670166343317703 3
832330033022627588744118567724867540604111 1
851832311206574021278008856464334601427 2
40842574136832428432263360500565086857777 0
254030412002067568266552877584684 4
733158154616520662522034734607002574834171 0
541373785432044216322377780664606200 4
013755028154127100380662251253767 0
27117103825468211575773200020858856 -2
58242703675355766244320137111388450027801 0
721877246722862351356003135387640 5
5724004042133003825111145558477773223 -3
8866001226757862612151120083475303 2
71248446445186366088285110176005532225770 -1
55254143155667076174663201228888821007447 1
65715381183026020168235760154 7
23347110573568736442381202267411887 4
3444746623016705333724602217725550511808 -1
2387573880255330366007764161607485444511 1
813025163033826635121170002688847 3
4786086888356233660200770135345 2
328871264548238062673435062681340 1
352162034275401441322685540335168667770 0
858247710388038637657025561331206705226114 0
1346284215731182760014466023347 -2
115205322854821118773233650007770 5
76286535645601363377508170752223811108 2
751622584350552342342306643074770 2
226308225630478741833188744570 6
151172325854122755427038488744010008 4
727840452066446757222406613317888558 4
22615387430880115287845541331 7
00046175852112275760584850441216748628 -2
13257468774042326587662702008488611 2
376041351353357671118747086565844468008 -2
263280545375788202261077566410573110436434 0
0146868565343123243357755644786877180 0
61100325577664734754853752024226648883003 1
671608476180080311513542850556833772 -1
14460357243788746560210566224013315031887 0
0708465770432473268815222710645645608158 -1
38328480338846443451007216050165 6
6362266363372548100241808507214410455 0
565541400432635862586684303877118422 0
6851361404726866205327477404228 -6
2875888856673457016444467715065012211 -2
67385754784142088623854425671115071006 0
106460511651551832645778600238873 -1
42264684625344776011158516208820007781 3
23136430638457550027443210766768888071 0
56122530604432542335875004402 -4
76350761854323582334446788661774822201001 0
3123523438887344224066610548866557 1
45540120813472362706784076606722435538531 0
560857767577241330818150183586660033 4
71464413517726046040237501875 2
06608656477632248588817315215522 0
03485325386702405308838767765654222067141 1
32773580206426547881226585484600064 -3
46371632508823543321110714825558866 0
30746511603833844756855288116635000477 2
51686027223404446665547781787201112 -3
376605378480663340002148324478227628117 -2
5884462145274402776760252738668 -2
715803271871866846107564010876442553324205 0
01578717725704314600833031446416886558 2
338123621558177331600886606105702227 -2
624510046033381306368521561777810228554484 0
564664470577106458733383306507252 4
250476315233308164550118716306 7
3016405247180115587681522354070332 2
213538408767067621166458740088 7
0487348564468883541232130770002626655531 0
6148828573011142630738815734377 6
1312162170447327706008870288148 6
467401750051455771187003513222343 -5
14112227030723218005654471846678875 2
2336512136466254336047447800770 -6
388173156337656660180700245347708281222 1
342085467710657100276045535134868884 0
33125516452375587087783100272 5
2020556414784837600066456784228552118 -3
032124416770011441780203334825652677688 -2
8564657177541013283113328082252 1
3222665487001241806882351004566743348 0
356852231415307701257053782288780663110 2
658352424013341035561175200067122668778 0
848414435051011017366743230867737 -2
111315024608754552168067446750 7
500248870551364585318870073344174371 4
7860876338860523152106306240834271447741 -1
8088245476468136686277744700110121 -4
0040744185762446573001872338837235 -4
3654177632006185787712636228042880011 3
8637684852088174463562333675774552221100 0
25811683403031338850011446222276605567 0
82867238355756228155410208734011 6
0226852743140022673106036576388778845 0
226645213061282435800654677777034 -1
66175118282571432233831577588563702060064 1
77880280806521234310082233431456116 4
466018687432017527751700288866025552444 -2
68867103454885272680440662737235533 1
0678341238237663016577888316740055 -4
5351580568030060142888751232112426776 -3
822111743433562167512255587300 7
64486344663670181887803433010771221 -4
401448023244013765778600232555372886837 0
0474021051786607085443288814553375211 2
041686866123534200220857865543324470 1
36683822688372015402250030834111566 1
66018706166822575110180043555247788 -2
644470008577707535553810823382381111244 -2
57873418462068350278824226711173341043060 0
080281534525136788004332446221836655 0
73124708881340563872664470634637810510155 -1
006843345750710768768127645523405 5
7548105002288526330084553644477822676 -2
67156366724003608582407821142877033328 -1
854122160278786887140546541165722540 -3
7741654666345418564188552380380002777220 2
105143387685886673603367100874220221174442 0
7220231262453054333578681888777 -4
7084156883201656766877234558523700202111 2
128376345774786143043600326488758601 -3
66782031823215470544122886843311 -5
428110311265075617322776246733564838 2
362416802203026600111372133767 -6
8222322115738860167877117358544334 5
8021455156430063058860345421112232388477 2
067031223745548223632116671176738 5
1036345857784640670016114422238071763355 2
33416235715001163176566244557734872422888 0
85753371177221271168002266338680 2
74054052325380552308833112708447 6
3284353347657660321810777411464855856001 0
1132051380278588486773364765513576612 0
477517768550422844500082586607366334131 0
55542064428786748848205620016776 -2
186175472340882361302225667338 7
7546108143248240348815568550012102233 3
73538026365041844125007737355412748 1
576832242710604682710176230414333755548810 0
614871850053525538241312217677766823 0
055006314485383351004281144767586381776 -2
84463824718228434202601517786076553 -1
3588178563341030384767765621446171800 3
340228760721821388618457337027105661455463 0
843125580768037232466223817400308 -5
36778126548451032442266868554285370113300 0
43126681100047180512875603387786643722432 1
177474581885667780044511012043328230 4
27500172433403871500831352685444816 0
13835727767460066476833322055100224488 -1
2458416730674681702435727688084331116230 -1
5642342237508334551671100052844360288 2
05160686627738554226158877832733253100 1
1353720332782107001608322776885666 -2
885160872427345382677755441642 -5
6730225451232734132384445575070110 2
0174248065508004462347771762126862581155 0
83111135880158537855707730223270022 4
745103244086864666881358553114733522170027 0
05367882418271343365422665560442130 -4
2006855056026028174341633447356351 5
187277382731131608864257166682255404 0
278373114643305601638116700760745888445 0
216730282286827171185454656717344864030355 1
638540612625731337530822416568508207770 -2
5843336741447646671118770551003035658 2
835011155347047330385666576177622188 4
557488165573345277431311107382280 -2
15636127084077451806823755530 7
5050834218677187550111748027856663 4
0567360845315087447143221821145732 0
4103207211653721727433375866216 4
56120678456336817451576444587800011 2
83853026468878177541343342410 7
500510552472684260660736182158874 4
65581217723457862888776465311564442133 1
37188775631446424471326786886120000103553 0
382166784531675052642006230011123445 4
757127282212138645688117804307666333 4
7724281754304771220483482500535 6
064812103311182472000338825653424 1
87345528787484416630453383655267762221 2
0550866078486334420345667514011881513 1
5326776781714306342487886220211614483 1
2682127143258632387300537775010516651406 -1
740211435238805138856666162224700081457775 0
10843315576386500188350805377621722176 -1
207686375406645440188875214622277 5
60060400623217227148267877813633543 4
143304726570365803775675406364222845880 1
253563411245588072243876287786 2
3310563237172770283701810104428 -6
41746005180854008323264656633575778 4
3367522431433004761771402285271061408668 -1
54366158846340837705304421266837 6
402574217636166130777211335562385 -5
285784382031545568534334461078122211 4
17610785166423438334677208851 -3
55730530155817727346117042234422300184888 1
3568448200604008437883112411166 6
3624236682887430764477601134311800107 2
855858275546133882020006213044677 -5
28875811536367783661116773424555834422400 1
33824025340451855138307667451022087812 3
785541464486452335532101126000710 5
85522136453440751033548367022788 -1
0076677521455852320732206733881665 -3
756528835702138441033456254212884300077766 0
56227885086613084200306827633 7
33884012113635073765285086012 -6
65788625041323466112127773373024565414500 1
2364804783004866083525055814223423561 2
4577071581762354675810032801441502228338 -1
150032188083313006711722423247885667766 0
2684568337701153423880445556670101164380 -1
83118588353870755125611766737366022 3
681362011451325421207703434548802387 -1
6578665222677552321561387713001388000 2
83362204502457202003786441888 7
58565615618526436130247702220 7
2844453134407033371271080881801576667 1
680266858662043800782157255724431057714 0
14374658134461753378430226770 7
616750432348330552805300845677142 2
0641377303852471265338566800804114864 1
006835340675755166874212337376001 4
88652041478166082433483457007110 5
005700534608737527274653313858812212811 2
14571420358722466823433628600 7
6011562802128307213017402863337875478 3
8203764601580072522455043661114465 -1
550262252874213436771550718744333401 -1
532454044787351072814055210116770388 3
4132041501524031878507767517884833 2
37457683531203388482100851461664022 0
24106806127551216663200702334415448853 0
515662156037538710422358833146216824447778 0
688056348352766541063222882173411344155777 0
13680536035187736031042042277742445551188 0
436767552805577002165212210017336888133 -2
04507471505525770714483103436631613 -4
060125852225534577134200444860 -2
346401744526387677584210166271088133582 -1
65334137418114710843800222468067282036577 1
50100578168704112015527644844572288766 -2
3057460231041261001221335725577644345 0
738438652061348680336261450274105580122517 0
641304502113233654465540021216685327707888 0
31271676613450025684160143408837848755735 1
1265543327041042070114465777163338558 1
778302654173108158323228500105327766 4
03767454821686621077552378680 7
63624657523472256261074504338885387811 -1
82138688318046603772675325600255 3
2503172753338642722058403001756676811168 -1
0271734305006277422544327054888 6
6633884532487151807477720460132412128036 -1
5051176821103403250266565387618 6
836646638224006830755134070877814 1
1468784047651085317425537654221722316 0
74505855520138434183824420822337700 -3
882021140582143311876655723573526867 3
255612616341437777667528345221100008 3
888574774033211828547130154472030032125 2
187227173121422577685588665568 -4
8184116526048823302233344526646051018 3
582636748224333366441062418208718775555 0
155500234034676664325006277224487 0
2604161350300351734220555662321781876888 -1
41611001350040628227754466641772 3
01386816670477848340028646211323 -5
6570730423513623421110024780854413 5
323552330408417145008873664421106225775687 0
031145656615564673154417482878878020070333 0
550034120775516110316286580224448772786643 0
742104551143203086007816414722 7
7688785044451716118256607562070048422523 0
6428817843804244538016526000622 6
10142004380764458757767888433203 6
6065112601784301176200372854367 6
24841444156223616636123383172005500075587 0
124851452844763430167567688265527720810 1
200143430844623475008653321227887775 -1
386064312866188682143300517324 4
021850487654054111473001623228876774582 1
85587756554207437844833107383001 6
660353621818552222833864060058311077577 -2
611818000746288274116035623577 7
586331842064825545466820218542600110 4
327443363054062564161100671418 -6
3034327310737781022127258868454555441100 2
86521382708867513500067181165322235776 -2
18262575755022430340774475081886866 4
485847576336307381220715644515673460 4
033624542680366822101387513108207516855 2
0163824357856500213553022444481310812 2
77248558863210817825510112353326300077444 0
668148270464532001002235735537631114482887 0
881024628770400854217185633532105677464521 0
2587057648413737074482338138000241112 3
717856827744230756801865634482206 5
26635651852011844322433277886618017703 3
3336058832004344246600428267611118128777 2
0135152700614556674561188023786447 2
4858050367188281005320714333445646116256 2
777680881122432784383256544067200655536403 0
167568215743038554266275423482334710701 0
27146361501123224751233484800566035 0
3225523813442540476310784611720005577881 1
232364383362521081420686788770657550574401 0
2888434638706204550054725064172 6
654666125240307481351847774183270135852260 0
81044642375463648233881118660017077307 2
81864663752428524741881364000 7
18600553716248666074501035188 -7
4770771205750161465031145344232032325 -2
54212000175575563322230104833 3
43021726202260135454016777667441188033355 0
013637645668011088861028055422 5
65277643781483553585070662112313 -2
273833548530640142476473228821 7
245331411707045248214866816225800606383 0
1852657432106438461145234350812 1
683224864268112567026441881417777 -5
37286801823754333871682542762664171414 -1
2575310017602722234875586433578 6
78201243374620837000388271748311156524 -2
1820421306110462565020374655788454218778 -1
4572085525547160301344338631422208 -1
84371287540147713260886228546 -7
31608345201317113250034448678 7
8015136756053866382204433442610024288777 1
476751232522238338668444014078678076500511 0
83352825604836338204522404400655877767 0
508138505556866613134211823222870036 4
114841155544847585780182773370202 -4
43125827000624616610808488622144 6
2771118728815801600622646404474555 -4
273121547356462202387377651448 7
61080666380005788756253214528112257771 2
844577545074003041762306781238 3
34126438080552636653863088550 5
207376654318774567360100621232243480141 1
61150748664744807727615555683301400 1
0327801732248864713301011536570522544758 -1
2425305768530155401737713460704384882228 0
640668201344032752686257177234 7
4120636534802817758308873637145442 -4
05013465311328115265668572734023602780887 1
435277468535572454866466701110 6
1177505278040200343168443325146252175388 2
016246407553012344601782201566774572588881 0
602272702714636603153547760083 7
0840383012870465261174210781775656655822 2
070002783036564818884667734437416131 3
551851628777741624085544170823338 -3
8452404712638123071335022400456 2
241728304163306001661167750787532238 4
60327023634566311730012601814775725258588 -1
54427655671522421861504402106687108088 3
2583605623021586888502313566210013 2
3138154260177068718404207782405666 4
60785224613801666472088748522110 6
0312602033550506681326655822111 2
06683306217332371212214547105 7
13704573385868885577301570032 -6
20540685064154635846256384133 2
0317552174310800244366552267257688808 3
40117660888782011457584007754561664325 3
81708517044512320556516640881428 2
3065007025805425341145167143673436817768 -1
430611711673316677283565435470245488508 1
455478505514233441787786106622067 5
52886567554332510642230616888011337201 -2
04535463133442355784751701187788 -4
36615207755402776085502033712 -6
60884502526684862534578442200617701113335 0
23158582554346448847506668107 -6
781743016543285208848747733643 -5
8415176020442622877411672716068 -6
11281462300114328857885055264070 6
8173532653302532087281060086654442874647 -1
0534645004486657367870214333607755218811 -1
041367477426038580116143388400658 3
11231302044126504338038128820754 -3
74753106377322422165882088001 7
4322668602755668010055344508877 6
4360572385517178557730200034663116168 -3
7886734877762665253222688453043130 5
07234070124138443104886571150768337 -3
87643634788024451876875064065102 0
4377250874246567544157006660885 1
540184765508661565683232822833244100401 -2
262782462153708036652788845164700 5
7511361487023751557184252822880743 1
6510287215286666705584004311277744 2
20005143206788315485758737222 5
18326814016366440588511048643 -7
0445714738052000288244872778255 -6
3018876420614700333855441242780223867 1
744252174865443222658177663335536070111 1
52742135587840063183777830505404123 -3
5236187331743754250105446867664 6
47571575537332230865706341660060814488 -2
7834086888424663654472600301122 -2
50772875642048626660037745355344023311 0
628845366202272654855763357770038380011444 0
0225185432176665765011348885268 6
075228111208812184006057844642654 5
082358145883673870351507537011 7
8810187724354611730886554705571430 -4
32315846338084881457204306422661260011757 -1
415117232700877267430123348558451586638 0
881858834330761171440532100267602273662 -2
2164478326675153228265655777380111008 -3
16510432306873245655781253260020168387178 1
56275855345430274811148778841072210 3
86355311688742135134254518434078022200077 0
363452471833376541244665560111080088877 -1
5665817045032781182357681223336600518 0
5128222255683473434337776654641567000001 0
01756520583655011132187208878667 6
6087224505404413678151077653453233122788 0
510273465421072074351146854775223833 -1
84242055018688518507226776700642533334473 0
48130868810728123753515510766707536202234 1
528638158481801255043307666077 -6
5772011153480617235527523330287 -3
3406110261511476383362788783675008550 0
52135455603202225613116406180064488788337 -1
3676175466754545588067442733210 1
80017456488622057665855300624844311772 -1
566803020006541634554257783222811733147418 0
7640606425772466575445578880081332103123 0
37355864542782637134435517147008 3
5813500355706454272660222443301436 1
666286007543064211370324882511204 1
21461078808588516722077602114 7
4533321033624012200607542768887776 5
318267087007452822716113088432174 -2
786014826538154752532353301128660612 4
584318762125488877151744166704606220 4
172714577685586144685883560276011322442 1
7621561222526440678538631483457 1
1565623766601711512042728388834454383254 0
6740233123770170224433278455886848 3
57515825520221132841163008834673386600 3
117673382663573116542455070022158888732 -1
30086054424027114468088555661168523333777 0
543658108422285587085023111734432 0
81776235480765518804660082307112261 4
30673854707804774640526565814 -3
141613513752318338800278876476555667 4
854753738452176611165510320007642443 -1
78038725623454223528544548601873371661 -1
117080426521623346441227717574655865008 1
83272622583074548082674687617 -5
36421675662041887381776827382233444000 3
638073457634571634582755644703612208881 0
87267753721812876688651161223333044455 0
380384086160771866873605205771233 1
408348442422823655330720037870 4
2004226130675607406278727446848883 5
547075454553366412477731063316 7
01187847853330203422610321085442 6
638128183740355056700372802811214427656746 0
126817111844533604753782830837607066544 1
0622808566502856815503467782102371471 -3
574848047745058328534335776180 4
156306624174404888753042018721107728 4
38611185522245807858434457210421 2
7862836010054766714435185454716882 0
6005122226715266155431340057460418777 1
667002013185582115258070612277786368543 -1
851562381076747761327668413322 7
1288160770266341041607231680422774 -2
07085225243630110145611668534634 -1
77802430360743101253654273768 7
4143842577875288824035347315711512 -2
11236172451341200464200266335765503584888 0
54730121272258126783450775141844533830800 1
204358838167026275488677146432275134300 2
640651785608288663000234557118322114475433 0
51450476447277045073665500132881888616123 0
64254358236334845522257766610140083111 -1
816766485365155576343184782002128317344 2
8136336641605254380116450737105422 1
8848875114841770002323544277112 6
326437174778127600333866422555 6
1711471043666818227206377632244004 -2
3483012050821313385005558424474 6
641680040517732447468070321165 6
88626787427635518376057862241112 -2
5623715655372867301016615000332288 5
268381361880323325482742566764 7
157553558248613038337277070881004421122 -2
544152326436013367442276880867288770311 1
643460663442046223317177170258307201185 1
0450600801632633622845288831113 6
234128808376880257761547656055443271264 2
72188636007004143233111667365 7
81605157348067558876771124100 6
12726616852665703008774187134555103208824 0
631138348667870143882015430604726147022 -2
66325874836452402533734455877 7
2817805068127504537103421432205477868453 0
388338846573110271173661876020672004522555 1
873367740456573274411125558841231283000 0
63766017854232822541633773571018 3
41863747257216325407006133734512280861465 0
73874256283100148045632354300678425258 -1
48878722006474437088100765453551 -5
633785210240884380377201122441655358666 0
0703716800824814447650177411628662228 3
550581313358337658611886014222006 5
288168315448034487674326033256007701 -1
615727002775062271553441123400665 5
377415608760751705561161088804446 2
448510563282045621344811671766237702338078 1
447546552731356260437780458370008866381 2
362055840680886343243478712214 7
035762537146558440412606627201147 -5
34065213010087124866572340863 -5
30484634753356057767668173404511225882108 0
686083661024282203033327811874 7
00857643254184684552675208284776 -4
106745238428618816357070004787556341335 1
6153202257552153270813338417718667668800 2
10572715654372216720200678506 6
80163781317542723321123668884257044 0
613214263467334800378884668272211177400 2
28668326373844076777614101120043432120 -2
52328816448672248752553157406774806610033 0
8841778071032830706547341481256 6
6083503724027560225038338244441556877 -2
834155570485337857138182764144023627 -1
674604827414412330651555315633618200022 1
48762853388724804657130130031067711455664 -1
05536617002878838226466545183325710 1
0422807456877051610445611745015 6
0677288031256357220483427088733106444 1
8071346515884145581601677823302002763 0
68221251744540722458688784755 2
61634020464475157663355002771201571 4
65130546447204705148562227637721386005 -1
562348654880013854740561581122 2
13088654552657616280385633130277 6
13386411206366871642557188835735772250200 1
6640123548024488437722623686870311101770 2
032817847567152051224325085161007766 4
34240021481271055815124604533523308666877 0
61834208076750468468484305113 7
30475226185703656377046610433421071815 0
3633015221160554630064444381655887770 1
84087133566373326427828258667210 -5
273084801768034127768661228357124044160 -2
68106030083682068845544772332 -7
62583154377667106633024577228823010014455 -1
552204312561477553046766674732241083831888 0
501000813807646477865721325581172334432 1
408510688741614404182325501073857 -5
371215722860716331664863354880877125552004 1
67061182823673085443177800487336602214241 1
72475667840831615770884436264 7
64583656846741002601230112557745140887 -1
41686235064468710424621217188723008333 2
7731027714802034656007332655635 6
6018834875543476222538773341111578240 1
0051016612346237115225028780745567 -2
203731457413742067568833785885051041 -1
673006128354135116556443386825178448777 2
7135426208367682247706657833542100 0
040034757446054721305687656112216875188823 0
350328712002217116351285537760 4
48730337720722783532000154824688 2
1177424412658510716425540266330 5
1787236275344487656674120011410 6
53524476623636553350187887687110022287 0
83483688156561177637772833014 -4
20552558221887543362633134668806407710077 -1
416175801233778428215687165663 5
2477503386888284511244345557002112137700 2
156787150232486342277411084884000 5
538430767127346002725873166631085508814421 0
0060878003631233545788555631286776211 -3
616186844573267503584410221856105832433 1
5535578663054222333880144412278774708 1
516361562818336755760738870378000511222 -2
5082713657370055124603587664831223110886 -1
020630360433031664614751545571154722288278 0
083280211450822788612767766005 7
144287443222546865030835577887666500033211 0
36885775316133886800032466211224 6
53524755658367133016112062077007883262 2
6428068076283152121511430085866343324 2
21404853670262246665551547423 7
1752352448318302084673610004483 6
050621656650628018174357287885314401274 1
40042453564211341855126756780 6
36058745701281084410180821625442377572 1
7154062181108243384007807644316 -4
305420447404557353101137522230217178666 -1
323034036604744600855888316774617781122 1
28608757762843810813124032523441 6
42464534136168746602000131177022328883875 -1
4451418523132452102486625857100076870 1
6760833731243306212281166251757088754458 2
6568461301757810178557622732052310088624 1
2601778126500662345884105551330321688244 1
63870608585282122641203664554814 -1
182550176305115472373858820700338226674 -2
46158713200723633022411013077756565 -1
27204162617453161643016470208248880558 -1
7264461532780077613625807462855844058211 -1
2424588622616050086644771203058 -6
221452033786355226487668834544153068 -1
664428134468488857127620112016 7
180258623400362475700881852767255447663343 0
866578053304125824388200063135445 1
70002581126182460638476331034421687 -2
60311738112184337247386878426644 6
2270033388017715448317880037665656611445 -1
104057811003304526718667887222248667433431 0
55083470471227212254868446703333518801 0
83088276614345575037766785444508612 -1
460644147723355271766357128628411885 1
4082520440767224353206566133118560574377 0
74707257205313355386753421010011442 -4
17433418365783506475032256654706428821008 0
310151141845445857042375233688360 -5
5431728642343356551322412145100000878887 2
4708526313175475220245825007110 6
5484481476183545755102123886333222 -4
713611676856604208230131805205523253484448 1
8201110070281888015657676247765 -4
6731140044102751820235435547722 1
2442610588743782540417522863335583000117 -1
100728288226523457018067757568036654444 1
81673555171088537808110400475674436622 1
027504357358004855234427227148816703311 -2
83014808003343441887770154637 2
00177048430331065225443361787714886555866 1
58632286476300245481115552441662881000 3
42686214211103373400662807088572613 0
01040750773361375721124622258505886 3
84405708140555667163512200876114463838223 -1
1652205141621002881836340244466880777 3
2642556384374255764308873325676110 0
46505880327411761706668120883355741 4
1381168237160214547560552527884343 1
121117061070664583856557882004458 -4
62132540273237235401858856538000 6
855166178176321887525521672320 6
28348710735725344433180085557 7
847041654326201363350635578100786122188244 1
057275464238664424200707113306627888 3
1007026800765861612386811525728235533344 -1
65267832287328873686600302743111404 -3
32670715250045504368778272534466203864 -1
21873176611128860834585472662043032 0
8474307551443433156125510207683 6
75428038237577004825588227146466341 0
507430021825455543746377433780108128118 -2
8036714152171538617588046456068775433430 2
80162234040752544577866500422875671188 -2
7720158202204385534863311371442866800616 -1
51458843443407205500210563167 7
58240050558520031743221667682487787664 -1
53631456781241221600717766327502 6
5456765565811238081326112087782267 5
6366720845477675655172203430002143288453 2
0315681046664267832073321127100 4
318518422003342554583530011207712 2
26763572513240522433153445081477088668 0
0762305488624087186635454465500313113182 -1
2300367681672356228427545513344045088160 1
763242562848257504441280771181 7
6274113232242813503630457866145714767558 1
371733734243218844000101184227062887 2
70506884644366044212372313772211103706 2
4482443082881465807137100762226 -3
801477368731334661508860083241106474 4
56185412553577038444307122132241783878 2
37658038743340653000662261721 -6
1207644245304418668225655536110720013 2
000201634240754411142333832128668 -2
8853237642863081228230166136145000714577 2
5281543664028558013053778767732440804311 1
022026462255651887411354447587886767010 -2
45880701600103661817732725225216563544 0
730421082831227051142448858700577133666366 1
083431854674032248835621806117 2
03620718001455712335734068775522134 -4
76700044005464437755566125733332 0
614531704424784117067282652008868716 -2
847383565435336757712121115022020007884 1
1760044201003267848542258866423 6
2852276082231775833368565601100871571304 0
1785416000007882554636835221327332856 1
00368385743670480662881210322424 -3
1612660007435726850778345081755361124 3
87737223772016558014421163340388 6
814712750040527877441181822405320853333 2
146787461455845026366450320001215 3
136782867458608613762007112330305144824 1
816444623241488115663575572267 -2
1506587432113602240010666133887254487 -3
264764705368250381456632480287 7
15486276770374753440834136588265001365822 0
6804007315234146446623353870065775572218 0
0653606766033478050357235175871 6
5030665487700401744455313323122117868 0
716550340078864486041116631022332228 -1
0881171355542530241182244604708 -6
48310784747005655760252357344 -6
463241151144512368778407677608838 1
176131027548578654388367348001105536670 2
18187885025870112344603465344512 -1
1585681822036466111788553476502 -5
523075864061644538411557230084123217732 0
107258867656600225025780313561 7
863807712861103245540123228601566877 4
37606114335171540776033065455 -5
58768325304816566634743377244210088211 1
41833115520037183357777404154 -7
644830333100315817458561710667 -2
871266010831005434675773432268106123275588 0
81846027146032166343433211260788855552457 0
30368224423364700888703667068 -7
1110712382724643033565447784722886830 3
32335523316487140012518761252 -3
3415182071326833262571065380200665514 2
554014055688573220311081108487 -6
7160112277180320072721038533565365 -2
61220086871134887625702665775003452 -1
423318280880362266784130700132164 -5
478613688802053654557241604806452327077233 0
18350842104344015671834213367222875008 3
268220647248635175177881083710001626 3
72173014237074355651021130552068723886444 0
02827726163662033641402014140 5
2238256568662128855706103511814777444 0
772081700342870313356253572811012644455 1
2084675282883358553401111226510370377444 0
84102248232258333636451667716881105 1
675838743173288677012045361814566212455342 0
407158466160231575823612777221060 5
41427660337377551501711856442850200234 1
4260886240022244088570758754135676 -1
54311180413105763348226773044070768 -4
183333711172424477731544228000006528 0
32768221032351001271188087336778655 2
818752703724210665622110557588340016837 2
133440561631171464336476855558780880220022 1
1651885550471711700523832732338642766 2
01076613376522748288518632245447733114685 1
84111657751815557288844377423400022200 3
7870046157381280063275076543363121162284 2
54132718770767055411324513445023230 1
336221616686117584234240752431348887557750 0
32774746337167616602221102844348388 2
3323047151354025342251150186488002748 -2
5653718420551032528227640388676678137301 -1
8726745784061388827535373312000022 5
25523224882677657874418315043301135140866 0
63737063363701252847457244565282015 0
5124612862236625054886487070800445577111 2
526004107806865668724043247747838 -3
7441303450588417664006866022333118187555 2
42370555174776812344664337550 7
50235002177785004633713454288 7
04300721886724222776003611333444176861 -2
23251245227457166144535187633040000 -1
655408805543252308331244236666421 3
34238227653541455467234680258860116773781 0
04418431472377878823408010012231656566 3
288117465332435655320365144070216640088281 1
767468564563333642131220852211100087780785 1
114245584470455226677233066231587730100388 0
52437386847256883448270113420267100 4
20238003361276556312802860567538577871 -2
684744357475211651137766218804023838 0
3438456782657266736718542343458175 -1
375714123485408833702485843001755017122 2
48477137708883256813650656643017552022110 -1
6831816375011537173852285772005466 5
503570100835502433518667322887666171187 -2
37382482555333585280722044841001171066146 -1
13558341761883315466361744674800778 3
503415688380430756233042155166447710881262 0
67870621277103160054438713331562622055885 0
64170073003360852556283341177845 0
77376776313301854058011883456866010444 3
435553586771331547380212678011708 5
467680066548647232401227412008 -5
0263473763775783866245441031152120018886 1
124252223645641800116657043333881778755400 0
803603236164803645775250556770782288 4
54883867561880015515642734433377646127120 0
730326133547737268568670122011882618 -3
367448523514877021250330766430760846 4
56885175533735283328872221001000 6
36126847555016845677314633801501737 -2
5303253542487622014460826356085 -3
4038166280100574830257343555267 -6
65650247266863727131371813274144435582500 0
433852024567382201000886782654566353 -3
48512843220882286713446335416611553 -2
786218788382262007245644006114101 5
582430812722460378762738356183760114164 1
2536108475277555227786424303883 6
2828108220521811617468000674667754 -3
02403388360764348300744872866772211556255 1
33381842433205567104266550127210807 -1
046567235407377366517634434882550080 -3
175231841410544536505283234217880200 1
74663822100767032415513446108 2
8428718005163300720547676184182212 5
821771405484632378056834477681 -5
25668283453825557744013067833008077226644 1
05521342736680133220112386678876 3
12527717744228631133838516524488700340006 1
7178243882778557840561326515331013466060 -1
8288661422166637707703455571185 1
56715470281468030132007762756631 5
368711556186884214225576008600534 3
7551558237570406748826807668212263 2
573102640228416035236625344554808678831 1
32810105730026542458032261164438431585 0
74773025587368466038880020133556 3
270853766545101211571745686634447 5
41536337730161118003047547078642256655422 0
76302624344322566182437410513706557758 0
05068078863421088254144663312 2
3361356233527227286667804770181 -3
154247234471268532431133787701080088065665 0
086047531622246227544655776431075311130088 0
12617810541420260575776022184764546885 -2
03226848478272217653301344846 7
804351243882411512558807157226 7
0020004672757723241714344882561115333668 1
247223765844560248802455866000 7
371151640267055117768623245743448233000258 0
112286772603825277664718460884531 3
557236714738508160211256770641005226884 1
745651832208067882614677001603133183722 2
4802082018858766414442231301013662755655 2
12522318881182386700427456601655 6
1650572211553411840376244704253328 -3
44077216631232218115634785553672434675888 1
064785226701004387726557056638858 4
723644731217601141422247788836068 3
3151660438335234278805682271100081 1
0400646728734082761668773328244111803 0
542525505887626646216024413488800 4
834128652246713574682012771884405567500 1
2216485340245736054743627768535881 5
308080078823248205632427644617 -6
88815006355807387142207215126677 0
424178561676655305500844022218 6
14828352884441185734666721323305 2
365603422307005501214238131267187756788444 0
56703731624324501767734284864556883105 0
4718222354013020540744236011165568 5
1342321411458301322503556200065886 -3
645411261703803674401712830878336085555647 0
2143412111685753676677058275526 6
483782056738566452866514774421758233203000 0
14705656637526418551672372184783 -4
76735701138425311245617645588337064422682 1
5524838618131146022572755281044064800 2
744058547777664041235532800122 2
508468671316433657648884730031007712 0
83285032837645867582010026672607311 -2
24730251504072220884104418115566 6
34780202771881588634616750556607032113352 1
34132820220517672657758345667330688 -4
5568222444868166034064131871125250850077 -1
20242226084351611847674417700685561558 3
23616384666528533544224150204 7
2630501465645234474125668120011 2
06157432070036455266035111743324514 2
03288501546661383813813210220244 -1
3425184013688234618503218366076 6
21420684738608631087271460081133324 2
625184372482016266374562108817731 0
044437447087123776565203551523113 1
08454384376265815721034476565768872002111 0
02371042485653122355445623340011018 4
17034433851563576140847637421656710522280 0
0831340323800555558288027117112362777 -2
057247571611626774530544668001051428228 -2
54070185333658301105104425714 -7
06332631652161127607778285355 2
038451257657358731757233448822464010660 0
643841356566526712744854288180702150 3
81668057156688644170814724557375400 -2
078810125745366777681166800204385553234122 0
18563533142077671164207176322 7
84848848527673115621366077744325102210 3
832142844043163004710552022337 7
121404614702841822135255666388877 4
16781471177732165663064044555032433888 3
0047330178256573308124667716534226 5
757246415677187261230608200888 7
2416486643531411003667145770038735 2
736550235878660186158177223630570280 3
570412115210557544770224421708668 5
5051754685656687328824483023623 -4
84710636143808335754475513225221778468102 0
6500274523628156778676571088824331044 2
346036727658126415230548355131612 5
646034442870065372582427758766332553088111 0
56744203102135533446581070073158 6
333675344255765516632601080021 -2
47850618667618234570448677830022413 3
61744158373065058483662368081317505077 0
6121112771327345206707458556852600064 2
6821283307450650088032521113832664 0
4360443408602121224711761668558 6
44867847054711324565523682211133 6
51212022430708643078237350488638466477556 1
443301046558787287277024412210 -3
67031452668186161538371454428778745050223 -1
161143116000680443733207357866 7
7356764664822677235813387013221101885545 1
683183174527288104223335686676255 2
613185471377582336674411304674688200220028 0
74762357053576744552381344021228111000 -1
61260207338324678821406114433287764017 -2
552102074331163012130324420855667868876785 0
2244150350783758052884544008672 5
35682552564150683018860144677044 0
405056555003861114034887722664233173228 0
68035001256426660810558777773422244841851 -1
345053000434463017878488552215 2
52073030588255285186238213370406666411144 -1
528684657138087770550784444320521036 -1
0471563644501665633058214352138418008 3
3802636733454157046616281277118557843224 0
0710210341367434856358011804462882 -4
11854548014418648371076682736 5
760432765277356003501813071131 7
005846636175771048188866310501334435547 -2
