88234368626626114 -2
595457455781236317733419 0
1266411224279583316943661985 -1
3615916962398833359245519581 1
26873892799989783454412 -3
81324913362383449556718819 -1
398678196755918867667 0
693167458546966491787824 -2
6777664327315454556769 3
2748275387796338558 -3
3613615581876876871399 -1
966575462451635326133993522 0
11212997711243453523446 -2
473642778644671864982165878 -3
87689658815792991171438 0
2558129986768551 5
54553136649218737877164511 0
2623145465634153381974561 -2
552712657673552 -4
63763561636753789 -5
9455769977667788856635521222 -1
33748787331965161 3
76248788546578592232812 2
673325763797725914 0
48941678933326497259975255 -2
46829345386598994469423 2
29347679777134668 4
778519693422178 4
8979588628812196 2
574892369555771621 0
68916639925447979387712116 -1
5898533797556887 4
85648884423661975 -5
2255895759732564134333126681 -1
497263855148823644334 1
34181149618467812588975336 -2
2765338579312817228348 0
2912344159644387333996 1
1611146957885125875978 3
75173238991328725711 -4
732632434673848559185 4
9295598512767594313852278782 -1
3429739235396232245444 3
4691315272511123 2
837636654122933646244 0
599472864957165 -9
639323347879958719228925 -4
4114466369662914 4
672945133985599244879323 0
685119218758261 -3
223634436755698724377 2
2194921999134786 2
2518991442922983617316943166 0
192562513487521924399 -3
9789991941161866 2
6948727544269295427 -4
622486974946953491792488811 2
918468878973251 -3
4932126531122558 3
736539867562487764739444163 1
6177145842335668856 2
8227476391577673414492822 -2
1711127296977451 4
3532952478235955624 -2
554818155423823492336 3
471312793368732 -5
9559512569227862167 1
16444871235842331512967881 -2
37747451668914435327396389 0
51333564346227168 6
5652383884832423385541724 0
2652279424584337436942335567 1
441555673266296164295443 1
96476288817236574 -2
996935872149967 3
938711277629145348 0
71634965155866959899254 -5
58641335143449114196229 3
669594877327646699 -3
667761459816435893995 0
7577965838912119 2
56887997586885614377 0
547865353124455329223879 3
842313525576971 6
535563479335592 4
552979271352399697433 3
9642955336828799882 6
34887956961461776643594 2
8331742653548967 4
81185684932641996242661332 0
391316426879313463186692 3
9676452224552271777115 -2
719589961891422678 0
73343723156731598 -4
68387225952169162211176379 1
435843769266233212682 0
283339311397699 -3
8586955923472339415991143 -2
8931268494395914495 0
62228441313221176 -5
665251152194327868112 -1
539869999674845688256235774 1
51917796253481156779 -3
266913442235763819223344 -2
968628952748997319 -2
5794754264471139913 -2
49521757168276266211 3
2768129695439992 -4
87643396871831834247741 -4
95827116558513452288 0
1149885658829455549 4
254411236488226 6
5794243519676773244322395386 1
95811817276774637511986 1
3547994584394652 5
715633678873766488589529 -3
58874541949199186338915637 0
855377133818556936997118 2
938924356738846913 5
751855744581772175292266 4
86776174335816494461638 2
9312589846411559 3
589699557325638 3
841689996277267893 2
1638281411437315867666775545 0
6943326344479217492777311113 0
63812857636698678773313 3
344751129597467 -8
38727761185465669436932 4
42327228155843851711998772 0
483793496521895 -3
94747637788745566 2
825785128811622668796743 3
634828656667499135948 -3
487868854363663867971 -2
252233381418343291 -7
154854321144749257988633355 3
77824878312456219435688922 -1
1283254496116798 4
9143235527881122552891314445 -1
19431358567596757782 -2
83591796898824671 -2
6829371411197177647 -4
388371946462277775662613224 1
2574616212212847 2
15828346496864895383317745 0
779341565685228 4
3347326564135952 2
6418311662147897996774 -3
97963456346119164293875375 -1
639691993565875786782937 -2
637994965853871155651 3
9687354441162298545 3
563732847652887433172 0
98954385811766992555489334 2
19982234336537242354 4
77563241723433436 -2
7454597245777132869528 0
3627773337546296549912 5
9442277657713965854413868 0
333978115995797791241755 4
9367866356146881115795433 0
8754627672335577 6
1295529763499365338147 1
933493483126513111252288759 -1
6755581119688818661 -5
543542254554636881 1
8654657242722317913389775144 0
168778139822446889 -3
821217465155522 -3
1559479863989958817615528 -3
215878834619499321449 -2
795445686182387987 1
834924991974987 6
9216113399637441 5
47183412438965625792277 -3
52747843199686331 -2
1389897994652643669338454 -2
494873988436798 -3
661943262991826375599433 -1
365747524773667544123458932 -3
5737336441954773818944351 0
14631528536899451159188334 1
45293321184478226 8
2241815383411625617 1
4462851483313448796 0
297843936565524239875813295 -2
569386621716936911 -3
166947858288646697137997 4
133573372734645448 -2
916338552826477914537546 3
47194866997889235 -3
1375997244544286492527781 -2
9444861467586227 7
3611725511519592 -3
799334871121256845655495226 -1
2368532485224334647728477566 2
269486796196913269851747125 3
878691339548176162237665 -3
5933461287482282898675139955 -1
949117992926543182 -3
733182412277711 -5
85527874348177867822323394 3
37519934724393471244 2
9955973152967115273568947 0
974519949753927 4
1934757448898441882 2
245956187484413655576 1
2411883614957239334213 -2
4621164379325664734628827 -2
4899157462951766 -7
8184632597756926 2
94562116966455638949797 -2
15621598386391337989868 4
118365972489118818 3
629534248757877761989 2
2792984653129983478 4
377785919461771866999883455 3
7124654237792211158284755988 -2
85856929967788766555 -2
6693215392184762494432 2
6443652621969141119963977 -3
564153199781349255593411744 -2
211156843177833631 3
4648324438931885736 1
526555934796752679827786684 0
23434442433635512177957112 3
285359176619114281 5
8394548538674459783 -4
3179422224656184 7
7551999755579422688938318433 2
29317992164589912 3
966163137156577 4
47384744733965352 -4
18661231629838849384411 2
8213894842257544167 -5
848533656669242759135 3
474632198126594462978 -2
3152641478447122 5
6589651659724269967 -2
84548676225666884595383911 1
13431611489438768478776 1
4874818173188639694634556 -3
124211883894932942766199 -4
631375724337987 5
54156516699649296 2
422662217778278 -3
6224746958724798466281 3
771287221348114396 -5
159451923875227589196 -3
1298224999619217532585 -4
171189282319956348 -4
3122182288318921334585655 -3
75479146956454997279864 4
37181792365394888993583 1
6692328734588973999887 -2
65993754831534434979962211 1
34253322213418836668 -2
428655247462933297 -3
7264311245578982283633231877 1
2486915958782673866577 1
14913517692321222349399 -1
9453891736919584695588 1
375874979399277259554158848 3
3654195499223619114123278668 1
8693556492144539 2
8316596136779246287472724 -2
134791667275849862372411273 0
48531623858829798332427 0
38137117151773422833266522 -1
87682449914816223362 -3
81396449864316751 7
171173588836937496536 -3
499843528122132339189 -2
9974316833429321792778348 2
413444439838156885655577739 1
8865818468162976939 6
26822666698154327492 5
297596329875147759566791365 -3
83353865977987586 -3
99869225474788947968455 1
9351364515623633946 -1
128956464487294 -9
52326934332478644455877 1
55184386458377118825 -4
63376566254862314 -4
52886217922337956773 4
94133334889256167444786283 0
7223938621428833385 3
1165844584432834238822 1
7924731225624365323188145456 -2
2995352976897768793282147 4
866638333685156742755275377 3
96799567913779147435165 2
4435248171337896379244122 -2
229122148892678117 3
87472776256445944731955313 -2
861277983326949 4
821467471252231133167973898 -2
114661323366923321159599487 -2
716964211785215241857588799 3
6798299362268235669595 4
1224581496252249441 -4
26351479199158389284415546 -1
232777554451328961272593 -1
5188368163248822411 -3
38776581663298167695339 0
6885951556296684 2
39722192659555542964 4
252538679331739347682 -2
489184344991949 4
4148389344194387856835 -1
478667744395833 -6
88471474691284477 3
3959817681948832183375544 -4
368418299982196178 1
6262886648148517856222 -4
764859237922128 -6
23352649454447885563115 1
12986868856647299199778145 -1
84164758299293569944558781 -1
561322424978722 -6
14261356793243115975642 1
48894137652844192394637596 -1
625325385951477 -5
864893382453536 6
428366444975383112497 -2
8889151328971128222 4
7779771431852896 4
1327269922496726599533 3
494821211453534673 0
44663538461298612683537978 0
4437523633721226366897784 -1
3667237274525488887786394 2
4955768132499968578 -5
344322989727634644653583192 -3
988298338284794313322796 2
3487425332413165978 -3
937478293354444377585 -2
57527734237355813296318688 -2
9621439943574419598567377 -3
2359719246257526655277818 1
894892634716876488 5
722882829112396546 7
66346151951885411295592778 -1
47948879346538823345 3
7429928965974586489875587524 2
48351762188831555246 -3
4587562562475574677166 3
34823385321566224439 4
991178393994776611681 0
8484185981155247822 5
16816739879988615557775 -3
82836543451556681977 2
2182688921253115434 7
5556489887778175634 2
1717622371289541228 -6
232545399679488772 5
82884746392433472 4
9715629856175436 7
6488536795253556 -3
75859556721139571214734223 1
364473812534844123527677572 -1
679658145554726787959 2
87962648266378988639719141 2
41549994766655112362421771 1
433992966333594597 1
361136559733243812 -2
5544747651776442562 1
917862451714819254771 4
2884245296687511166842541349 0
5327876178497815688532 1
749354689676113246641 3
391234773369927176266 2
267271845348564 -3
6699944929564661874478 3
1965638737231311149492 -1
662687314583394 3
4868846975268444 4
744541443619791 -9
41451934147469119763362828 -2
5824978813757365324486 0
365343624579151281441 3
232413995822419498943611 -4
35436955374421436771411196 2
679325883149467767126133 2
95991827637135736825534151 -2
386672973989549383 0
83559291484449851947 4
861971876577712342298 -3
5924626558854636885163 1
259749215575838853 5
3691112745844421678588 3
8823168299245318111336854666 1
12193142968329513355983 2
1375212647223769277544546654 -2
64197212963764944227 -4
795726178651668 3
8279433597537924 2
9994839651293342 -2
367334998931238188524622 2
61317278992977457528 2
38763429537877817 -2
6636616271982484438 -3
5842437699737744719991263 -3
31242822534142311479374 1
2624786716427749381379242 4
442627498581458 -3
8628136343338415795589 -2
89579278133255692 -6
1295423693891173 -2
72776564391898823199 2
78388222983992691271173375 -1
9556886561851141528734 2
54919166374419487 -2
25666695553591443 6
49919678347149529677874468 2
236523422683354153167 2
3776726983449877932186663 0
641264435466928 -4
357145628961664865 2
6282488711533174764591 0
928869379845476 -3
422439229689441436621357 -3
7449931655378327218622318 -1
6412355575764344333177491759 -1
76327133835188653 3
2933682394919973346 2
4328869229389643 -3
11811143446425799298997 0
2738889854735195665 4
3327768854528394 -4
94645364466854193619972 -3
6458493234339996529 4
1117124712842456877442885755 -2
3876675273451247661528329126 2
1652624171896397722912377 -2
6662622882159746582 -2
817794367318443428511884 -1
258162248156884969 4
4286632854219198 2
122877199989312256869 5
55346789188179389 -4
8196281556234316676274 -1
1784222345624485676 -4
541722822784427788394676 -1
43966833385568891873164554 3
4657424478921226143557253351 -2
8665134864461477889 -2
26969366549954555761777 1
514589888412481242 4
52628227155373695 2
42829662281328449941 5
1589366476678653377735883448 2
774855961955238293466593 -2
65613441173573418 -4
7611689149172384123224 -4
387128969536649977527 2
28622479598174858899671219 -2
4916317298623312253161342754 -1
5821818217574332658835335 -2
48443365977176772 -2
34847135337232219626625 -1
6335942752283633669844688 2
89812745653177886921178 -4
2332856217579336355988587847 -2
69329199547821347724433112 -2
599166349141199678688 -1
13479473995647733364729651 1
6296573489726178582369299 1
337854193256829224189542 -1
6949286475313813946639 -4
17197275593775899649114683 -1
944191288115384399926344 4
56476987325776768325 2
76964523329929695454418 -4
7313933468132926916919 0
15318373315842696778169976 -2
25992473689968758682 -1
3181974664259998797326772 -1
163749829493177299 -2
2939679131911214 6
55634857962932587658819 -2
3383842449474988511199152 2
692815614389229 -4
16623933336679868 -4
6145167659588486685 -2
66173124288873554477645654 -2
95434315855467533289437499 2
16183897562436621 3
53218318541285763385115 1
839842676699391963516315235 -1
247664244813591 -6
8363974926959291 -6
65612391782398999336758347 -2
8213448277141196 -3
21488877199566791547876 0
2195259389183313119 -4
88135792463159316481178 -2
1761472333677336871254 0
2467791413111765974 2
4559133426325486558 0
835767934598677 3
97125937649265864633463932 -3
596284679298668 -4
878198284484355 4
84193883639568183955 -3
828732672333637551789 -2
5641325379412676654 -1
7279672592543431238543545 -2
43964644187215615 -3
482731356595536583371271 4
9818531773331135426192 0
99172981514344654996311872 0
5985692711971685886772 -3
59447956326992863222639546 0
66835367913248397151186 -3
8873441918766299117 -5
6342435794995335574666386845 1
325266246287517972179936741 -2
94996587484926975862 4
576467386684977295683 -1
4983673456533463965565 4
4647944125869228191577 -1
3273444416774396321223 -4
152998432871826148356926 1
8565562631795335 -5
749184568745682745693866755 1
83292398954262515299 5
1972718829779635 2
877196264326681 3
72146263587223854338876 0
76634669463978772 -7
684396451485676181267788 4
6944116349752236636338 5
189694166753817276183499 2
1623333782637726669189198814 0
437371472756733965442522289 1
226824284881954355538 -3
486247652436236338443 -2
3912422197862868333611234 1
41282383229257894 -3
481181911776556923252233 3
3977281467577161311566834 0
681794187659533745717966 1
77371173425681137422465 3
6696338763457178645923382984 -2
868567455988532 -5
2628995998629885 6
6873234528517466 3
4282258215477792933831543 -4
842578963997654896265332393 3
3481879453552446412 2
213395913222398661181577 -3
6866466935972114942 4
593294367171778394468427682 -2
948557697732983677588419862 3
315672374956637724981938179 -1
782825368722513 -3
43397559261591241983 0
883249411344239919471156 1
465299931835428736698 -4
62119311392718578775576 -1
6338864183492569916 -7
7426596651621523747 -2
566343192789742249959226 0
8125493253225141 3
93554432218994544117 -1
5513953264636649875764495223 0
95553928916179238615 0
2227617563274166811345933 -3
172498443653127 9
866872351766488 9
558475967487718 3
9251445355567438944621 0
2347699855391991487488 2
3486631198157747911662865 -1
5548579199764697945277 4
3355735238344266278794588298 0
198711628492671688 -2
3576383367659841569885 2
962167419315873399 4
6696488786698835734 1
3372126317982468 3
3241213982339116132429746867 0
912616753512556 4
175492492957199584 -3
57151648927125811773699688 0
4929199398216636136781138722 -2
9579377661966529432465552233 2
536814817783886749 4
8295251217855649576777929296 -1
7927585182768322972593499 -2
72117119177754684534992268 -3
49923283659221625415336 -2
817149735681189666 4
39517696248662148442922876 -2
99575594855922846 8
194613235138771339499927 2
867543413613441669 3
94585436359233118274486745 -1
6777392254933549 8
1799597722251996637611 1
19387461343312622448342 4
1816957994366132338342 2
75753659594739971214 2
657735146389368696 -5
857159385255234417646448 -1
96229268999367544835 2
794694225331757753 4
669589173391851978737713 -3
892127325485317883911 -4
273673937854182457 1
8773667464553447491355716 -3
39266488792313888122354 -3
66357952636586829544 -2
569675552193434958 -3
94375352335537528224426 4
93951357995189377645 2
952961114265879193481 -2
857963472226498229951658757 1
2247288853675313 2
921142416337534421 -2
762416575583158 4
183799428561846 -3
291823652219976566396 -5
5822475311379977445592 -2
3699248874437461381246121 3
9332189275453799 3
347244975223114971 6
534931236785298277722 3
23595855159961141 -5
958618234162345778429883 2
15196682252971734 -3
333374362796866541 -2
349187865579579592784823 0
415863372968147674881577 2
25743253136149769339959248 -3
2446675899226238971593877586 -2
286297234744895831324126595 -3
8845639762324579666844831 1
556124633775387 -6
4846521687938212297897574455 -2
996176982686647259775 3
288784272259677829443991137 3
8844282153763933688 3
281759612159556422876687 3
3549571239926669 6
11688587881634736735462194 3
264182694644773 -3
239928718543133281 -2
13294819867532948142 6
588625597273225358144698433 -1
4986121119249697966788 -4
534911976119177555 0
823268973918276427 2
593412269966917857433365587 -3
29393478459599567 -6
12528138913533882486593 -4
28636934131249115 -3
5913149737114865891478225 0
2236882614116212756658455 0
877841172394642448229177996 3
9375895645419244528417956332 2
5726598197616217741 -2
33337289839927127914887119 2
582734747449691 -3
945779292433858664499228 -2
4654834937587466213233487 -1
2127276229735586853441771 -1
63727811383254663386149447 3
198915525342556 -4
487687458177923 -4
9778556921961664168 -4
1742251966114133974423955777 0
68928914825342269 -5
88146531974884385622754595 0
131741471544142775725862656 -2
21439178569799611 3
3913222419338151145448553459 -1
94518687932779422 -3
1788873855966535584293 0
241765296286729837657486 -1
3111174694332588834564222271 0
7115118828793885 -2
2439522553484344927577 0
5322553673559972463386671226 2
4165315585156684642122486333 1
434145147715855711966999427 -1
219267194123319132452776339 2
256124598635226499587766 2
9448426133174433927773997 -4
45963512767837128889336 5
171348693523633124 2
384712418477981719656 3
36612874162365832249694 0
76188935679371598 -3
286854854272311143 -1
5182685734831527377856221996 2
9764228981613628196 4
83755726438911887247369 -1
53666539211519963332871175 -2
7271643198773627986 -2
276692295234837793327637 -3
59265192557573299677142343 -1
8145846153611435394 -3
1775346233498141259 0
2372935717394654147 5
133593824142254423389426 -3
72459735935759183381 -2
444991288265564383 1
6179728556331484424 -1
82454128444273538228811697 0
852939142241642 5
892812959262277354799686 -1
16441211912977698863 4
58213874399885994477894 3
666928365436234585542 -2
5845825182948821933643 3
25535834648317167911144 -1
7753795392314678669 -1
93635551878335464317677 0
8956163524153942455473246166 -2
34628439332221615 -4
944885771639772666341233 -1
6824722787967715119361345233 -1
924546137344847587 2
372169985489365655749876644 0
792516435146887344887756 2
52541564591387119 6
665219177928861128845661 4
73882589385647343314 3
74116565324555664763984432 3
82798198327115192414 0
47248688244743982286 -3
77327469786529348733599 -2
38272115648481883762 4
128178712386563517159376 0
1792322281723848116543376583 0
36178223365273129667 -4
364535645547839127124811 -1
89581527254373155337 -3
1741512366758791156552222344 1
749797144547783538528911922 2
4399842948374551764 -5
71581319567423367 -4
7818263411567154778 3
9717277715112315834334 -3
8541866253433825828 1
9493134656866331493715 0
676391284419349246 3
347164132247984 4
21823145974969447487733 -2
528264472714567946847 -2
1727915524484969 4
88312693133154966459744224 2
49729365682834668 4
5325864313334944746998699611 2
818171156988192598276 3
1873416599735198297746565 -2
62399234455693142656699 3
493464651298662 3
1217385224343363414817724655 -2
9123187426574314821198328467 -2
4867438551247652781741928183 1
9533167296523664688145582 2
432588724729442318 -2
55356914542758344763667 -3
8294775687621845844563461355 -1
57751399611451699888876639 2
9918127112147729288438364 0
73758769219894896916646757 3
345586145584423 4
861516425375598663757797998 -2
9563924147318299122668245745 2
1338949181996362564529337744 -2
827289652711111899366579337 2
8315993936417852757774559 -4
448648785976849 4
538487912995955 4
17512617349927737122996516 3
7961849527125881312 1
298848636883577669 0
2386115163833853554 2
98841534764986887246673 0
582578345755274113147 4
89397856976982388 -2
496692955573992578888 2
7895556243158267664 -4
765295895493192952 1
9249192375265997347 0
1485823765881825514339521 1
8893537615118423324127691 -1
8764617322542258844278773896 2
537552235418577813388 6
9716245396794754234331992 -1
824666516413325743 4
485857556332241114917394 -1
57166214298114644 -2
6256892724513299649 0
6177359821825856126667 -2
259622513319247754293 0
426287242748659685 -7
95448267679299322777189635 -2
6142474453634957977 -4
182913218369978767711622 3
71722544628963588 -3
13413167576987749641 -1
927679324882223 -7
91755941444211426828567 -4
7982377121942116545785884 0
879198355774653454446 -1
788454899629675 -3
21138921137334465677227 2
849854244651214882671262999 -3
187362137629929664567759973 -1
91961478377899883744 6
2312222966753699747759634 -1
61428629856674483464551125 3
444215753556576431768893289 2
7888424567836583924479913 -2
6835271497458147755372668252 -1
97721545612677294 -4
429426829714584 3
56776266771334936 -4
732744568313365125358198 -2
3673612822144872264443979119 -2
913868542338895213352572 0
84613131162743744 5
41786915941247231146566 3
33246696782448439661488777 -3
762411966436823198339 6
843579256869268997149251356 1
69967221922636641929344 2
53391452558771148 -4
826326578559528876 2
36752989141226424666445535 0
3229444422568353328 -2
8955361163673895662457 0
195129434387933214392771 1
144433138887218338 -6
4711388231923356384788999 0
478789566153135512533776 2
52445586722452254946 1
75324322292863819611583811 -3
1123842172423344965568553352 1
4467136859399625643124428 3
92264724668443168697 0
4566994898311776899781 3
243829881878169554226 -2
8846317425184473 -2
62275572342353564 6
96846876644475356889215323 -3
3885857448274553441 2
939494294826564822741176 -2
961811983755788517174 3
8611374299127899332197726273 -2
5994278934865193144765146 2
6982836141152188138632633524 1
874191396569153744 1
822943417856647554135 -1
2154839797842444725588733918 -1
91535193357422411358456136 2
813662815692947776998876 0
536427154118319978353398 1
32457223539996778 5
293489799637546613757792 3
949187673379192856556 2
9473214879773299 4
6325622896813469458554347 -2
482522729531498244875891 -2
7975497731213394383884162 3
564447947132656614871118 -1
9963716838788796735429946444 2
73522546669578155641 0
8852422367434496927724186335 0
6789339837784552 3
236888568853921235 -2
27787735665896244356 0
9962171438931162259548247889 -1
7279429224861286775849666793 2
22172543614681811654 -2
199915114823696 -4
9987784747748438864995 -1
14526799491541867312 5
98173238721427116554988 0
7528118411447196 4
84878178265736784 -2
69788245269944672163539915 1
69255844788559783182431433 2
976562243147533472355187666 1
63755428818335368859992 -3
232587553644542235239138677 2
2177651958716386379144148232 -1
4723795866612795678 1
42523676522584598447 2
5442867512591549113464 4
583779643359468 -4
6459995813238525173743359 3
7199264177823514 -4
645825447613863357545776628 0
771964646617588399655 1
242176896699465 8
4238697515243677214422635475 0
6145628722162669992894877 3
177922863459523228559746858 3
4831717365491844324965355677 -1
87575559246858779968 -2
59782424569922367669828 -2
97872464432174682281458 -4
23677939456493666885 0
9822668363759676373449988 1
17791189884223638823336 -4
697423629496261449613 4
988734578288994359334 -6
779651341745788355352 1
82658139957414155867 -2
18719319773271897859913 -3
442411232294495267367 0
3866268994866151 -2
9676866515165158 -5
59875593949952185286322 0
4399138236299636643552 3
212168411375735 -3
9859692186885634943661 5
8479538699951313334126619 -3
272929125595155243348 5
6792392188771316948979866 2
5655249216689512 -3
2733515416334556623 0
269138988339457388217112 2
45653337647756839 3
4968763559654464211878885495 1
94229233348114467552211 -2
56644674852184765777584536 0
535834612237164811556463 4
14531767351163866155 -4
975262631945351 3
19715864273335733865576688 3
73978276366247198667132811 -3
186731547138865613853 -5
54993522695872986553422 3
52857436151865566237881193 -3
882195831158913916422 0
46964189956486434526378 -5
293691722317623557126137 3
212662834622181388598334651 -1
88433438338152966657 3
4755848338517782633496139965 1
8315924671715113367736686 -2
9376536336166987 -4
94879651759992353 3
689794523976335 -4
2929426622757991967741544888 1
528144763662389458288633 0
652237281498478129689 -3
964567824325186499312943 3
93364325862114495 7
6293914771377868538446354 -4
9489316784967756337533667119 -2
1676774863722841 6
7578551696584888321767344366 0
9992761957977812674442 -3
9614394815797569932327 -3
678652781834841352644376341 1
154187163216381573545665 0
7271621926155767975 -2
37416125767563455 -8
89439394655685766288864 2
7523998644984961 2
569971157913617785417 3
626712922921668896 2
82758433699912479953 -3
1892791854798177699 1
4336123651555415331 4
135491574636223433945599 1
153596424872665693785623 -2
12628618269769729944944611 -2
56851468578965188277663 0
638735563757793387642515969 -2
415313218992123685 0
4429228653345628 -2
64811885265349231 4
4859558886737614581322773351 -1
3325718469355647879512157 0
943253955154274115821 3
727116994716937663733 6
978626735851232214553738771 2
889935678767737295155995 -3
542521514622735114234663366 2
19846917118692696265332714 -2
761628656967777581344555431 3
832856457671385664772217294 -1
539811764838887322249557696 -3
1256258961729778799372161 0
448417611969533735 1
822445321249718453972849611 -1
1783166611482466132833588 2
263818948651797231 3
4858588113364622833669713679 -1
