77003108130344012 11
712325751150535337880 10
6067414453218115661 9
8487085605365210110 12
60601603758150568788 9
55353337755631112 -12
81465317228401880185 -10
8051562377242281678866557820 7
506167157627214388 13
70718547005470058 -12
53013721880511001580355377 8
750763404711120144523 -11
257648552422842156177806 9
24243536718247023360018 10
07754860458205536744 12
16015165554007238425 10
63601438740257361233764 10
055811775815321726752084 9
76576072028311511 11
3726285422626341 13
855464351340524215 12
36840573351207786241716 10
3182386581041840044073418 7
20750667455188586 -10
017140783277447 12
621830060354008 10
70188754574404253557 -8
160467574222763453 13
312448671068235075224286 10
84874866824844706535 12
624584363633366544 -12
743484414311186515655082200 8
1361707512434334561 12
3412165444453883116506022323 -5
04138656850836606058872021 6
074375034863377865838551 9
248570522088365876774 -10
02624810355511856043442240 -8
62214642288615445485710 8
508211485483460 10
148882460755718234270 9
2282642846367501407 10
2240461334170606 -9
271667508582341 11
67804227177853613830123 -10
5450140155614116537880276 -9
545800448701018875 -9
68476617681544588 13
512837140221463065101 -10
1825167430408351 10
5780552881433686827660100573 -6
47874226864457766726 11
777331664583461401031400430 8
80480383176054818 11
774803745672701364852102601 8
62132450873201756822 10
745574026882176003358803 -9
8016542274682017061173 -6
5641087248288721377 11
6113180123304857347308 -10
335066645637831557310 10
17317072006645677245 12
014487041747757312 12
02805000588527637147 12
6212788021326300857555288333 8
27334571845563113 12
781844874016114832064163 10
02217231862812584670 8
7162333427588074744364 9
525541511836503024218412 10
821223654884740 14
3405287148013376001518823120 3
657602757700810 14
647150686610500147335520288 7
1125233256445876132668803388 8
88873732411678046745525 -10
413683252877627840630526813 8
475156825503054744 13
78028416681151155858 8
673315115431654734203 11
435833853476678775 -11
60180735728786884351226 6
8872836548833235401 12
844348707430125677 13
238213120124186637865452036 5
535356454244510 14
216600673426683741 11
877246722862103415025105444 7
26686388665222772753833 -7
6872464520613620 14
1618588660012267875643 11
4377476524214453 13
712484464451863660882851101 5
143355510270228675020112 -7
8235117440825602251442761 9
373602026120576 -10
88488331502630772154083 -10
760104771720461353848 11
16050000114666233212342362 -7
458214861501884658012 11
87573810640380038413365161 9
66363405578033212462852447 -8
347860868883562336622 10
257404136173288712175 9
873806217345546825720 11
05575074623655136814080766 9
817788155422878520136 8
873873183034456028853 10
3158587724646887 9
5411683134732023228306880825 -7
734145352162038 13
7330444562155185 13
524532366853654678078 10
5463821773663685880773 -9
4026807513657330085830 10
284215031482760011653001 -8
2371152053228546681 12
31060528714044758 9
251558586754243 -13
2782650556650431001 12
7461588762363082336 12
04087418321767544233111220 -6
37022261544027020 -12
051006234500755 11
7585211207312024143071 10
0688285705632574343211123 -9
376041351353357671118747 10
53026252282776406841648 9
4238484408866075357264031 9
242445223860448183372870777 -7
118758503578533881642 11
33501634075426412 -13
035466873535512 14
146105488566766557054 11
0848443075562157 14
088011323415867407 12
8202352027301465572 12
4682610317526823 12
86056342420228101468 7
5435031225611000235776 -10
4734754712568347735055 11
230753625083335 -10
00708465770432473268815222 8
10157122138318620 13
80064335481777324445 11
5072747786413836012 -10
832848030884644333 -9
43081274314426364887 12
65646326108138545 -12
12433512268011617422 9
6460115041155378582 10
86184345636675327122772 10
4315336002880283812 11
646051165155104145263 -11
55671620765322857667443801 -8
64306384575626874 12
5542717615855183006 9
2253060443254180 14
577847860865474423411723 9
3408435065650321 -11
4585038274008864 -11
433001253771882886857322 10
22821503211307002505533 9
13240854762203571878867527 -7
1770818688123544032456781 9
567740785532414 -14
513643326782254 -14
02625505874324355378818176 -5
67240031836680321601484575 9
47568723377464413533118 10
460452256776763535577860118 8
34104310080765278046774432 9
817442360524134853 13
5386007735715732486741168882 8
58788122645320244316 12
8378447566506321 13
7053033525718600551038434121 7
5844454140101325 9
3243344180254238 12
63782254606600786183014 -10
028887033244007483714 7
601254785803275553823873 -8
36235584703128612 -12
603730544773127365 10
7115256875571088022145013227 -4
4880351237612868063320384576 8
301640524718011558768 -11
2875064485855273 -10
71641003201408544302 -10
0542680700644306565755714 -8
544447065283166461 13
75734111420377385180661 -7
76166500743245562268138 9
0175005145577414623584 -10
623365121366683 11
6378188468352472376 -11
437432560336381 12
2366401752488530 12
86655061523821551334777 -10
2675558562168712882151 11
5633765666018070 13
8553174131883445632585672 8
10657100276002213448711482 7
331255164523755 14
03576507603123212255661478 9
8327073260163474026808488311 -5
07701255028745632 13
23647712163133351457144 10
787313560607166700245508858 5
2455203571866860 10
0860414267277266835 -11
51166165835683402 11
3174817830258484 -10
248361113157166338726465 9
55156458531811003436 11
471721138575378488433078205 4
156418477820246522 9
8025330665553882520673611317 -3
886852075234008055 9
827663654528580881335 -11
883874042165044 10
763200618571473365 12
502610346387486375762600102 -8
25811683403031338850011446 9
23835576620865755 9
242014421755602000632471574 8
061232232331044486136577 8
661751182825714322338315775 4
201325164622254311855 10
880280806805450554342225 -6
6322360012422005334 9
406068861143444818182631062 -8
1004741326582367 12
3823760154656122 12
4620850250535510036226682737 -7
856257087284334 -10
486345643506610617342 -11
3737384344347771 14
18441865238825422 12
04740210517866070854432 10
231342202608514337680244 9
063261016538781466753377 10
3065403633014301104471 11
5185633738082768811107713350 3
7028711335776871 12
106354044418601 -11
2531047675233083806153 10
8538353360464352222425805487 4
87282522664574747 12
26078060068453457561108816 7
405048171123017802188035 8
003670885167876234 12
5138375287732010080103557178 8
0256703682546322637037 11
77021484568111044658766 6
865883080226366743631137541 8
66634531357146647741188 -6
36227028732524101455488765 9
41341842650733671853 11
130704272564514500 12
7308401438742612405 12
8800233517403722 14
7328250544131285554 12
388844122756106 -11
5825021343455756270017 -9
247153132268086 10
76240531277446553 -11
360837558867781246278557564 -8
33175184362018536 13
030266001751183337504 -9
287511132500614403608 10
335270375538072773 9
60164468010600886357 -11
6327482223201117581 9
15838323302145515643002206 6
0670312237455482236321 -10
78857533771782343611535 10
53325300770346825 -10
11773472678558415283122 10
205138348818648647 11
55028456827313401 11
35565558736012876048 12
167638573667685172110 11
472640785365322276517 -11
65675466085432480 -12
6216378427280012432644 11
5041847623600743733 12
844862041857004162457886262 8
128233072712505855 12
33657863408838662 -11
747708353512604633711381 7
707404663785612 10
0177075811864770838815553 9
083504846288330076 -10
3660824208836310378 11
046351240625314343220055377 8
683215271060461 -12
2408782340662252700453814331 7
3415187320275311224516482 9
31426105711600535248 11
288776528765611158 12
22843471725625360866088255 9
104872752802268787573 -7
32488048564451810113 10
231371467626683480 12
232426528338253551311780001 8
08401032452763254422 10
7853870683051722362442 10
31380741884025611 -10
760135431266811000471736 8
664341874410253233 13
871312245780117417253043020 8
501361477854686655232 9
2402752367500172420136811067 8
5582104281073651383321180536 8
2458416730674681702435727 8
041217678533113223 11
5801185564234223 14
5083346716510004553221 11
432137335286826108113 9
44321385612851605255666118 9
651232333132252446176 11
6137540174244065508 8
731701728344242756344 11
7387507675372004611888425 -9
451036520878644466025226821 -8
18271343114024625663384 10
160806415712504144557 -9
604613757422545553162711707 8
044161123800024544255 -8
635210870154831103 -12
785405486131588531102 11
864480147856075443617700556 5
248624700443556506684 11
7370312015433263770106480765 8
66257036587741422165 -10
30862570143705822 11
28773437565133125 -12
553216730272282 11
37512614208322503348672488 9
208716433486012 10
15881820073460230113224 7
4644306540536288812402062 9
11066671505710680781604 10
0122673451161436831753385550 -7
270370418350111102388670466 -8
0781712088452370 10
882002142663505673 11
205833143421665 -13
12604773673744365550120 -7
211101774724350314656238377 8
7431775158652273467460052 8
1252283774812438200533 11
026168668275383875235431550 -6
51055247263421876005 11
0564280231655812188 12
34771748684574546320 11
35430363387012552182678651 -8
4642457453236756017032304183 3
81677226557430383337 9
84031658354120881728221 7
72317544136151822638865455 8
242817543047415 -11
1878700303802406 -9
062357156024081783426 10
8640071532107285722 10
28341680875455287664457465 9
053654702175771053278538 10
6821221252157483873466 11
706667451123283288546 11
8762543084388112508514 -10
5177555846567467184 12
3346881285180633037454110 -9
411543520663105544365 11
118834205740787327225385 7
2566813517462111 14
7117771872302130 13
5142803602486714660227677525 -6
1557638650018065583138011622 -6
3388734012650553357800011881 -6
20768637540664544 11
880722484782647077422613006 8
746003180854008383365447 -8
567226301484357666100033448 7
730182400065887324170566511 7
3547111220358280455 12
351064535645507003887428882 7
2887717328578230243 -9
7157681441672205157 12
881061751078516006 12
43831467721825886330 10
3623763867254108507 -10
848256631412882 11
65331380061338426 9
73236222664528515087557 10
18648521876403664845568025 4
5722425348668784322 12
566775060887432 13
0212073375786716530084840643 -6
571473514817014544388178 10
22136453233141636 -12
5214558523517627623 -9
6545714375558880278023 7
5136817226845662 14
88508761108420082574074413 8
806062200570543 -11
437742657886250414255622 -8
282771711776506313 11
3525364133655283160606 10
20841241132654568 11
377011538438807877351 10
831185883538707551256 7
580232822664530643 13
25021503631332355 13
83362204502457202003786441 8
145106145881144855323750 10
407656125015315822716 10
3306084752006882760 8
5805768342482706344664822 9
8026685866215034342213238134 5
285258238545211801 12
03778176245336245664476175 9
3446175337860268544278370736 8
1388335150767583843210 11
8353406757551663354423010 8
1600384252041478116082253661 -5
842710356360141186436 11
574350012871484474773233 10
838203714601580074 -9
21448110200803506 -12
5502622528742134367715 -10
15605853100678114130 9
141805451168714322876766775 -8
883684643063383256781171 9
32710482251715474286886468 9
8086034527406844 14
08154844443285376812225585 6
3381083373801828 14
365815021335408836431 -11
58468478818251174 10
578754834124322432723 -11
755663422472263106533 -10
528055760021363101171 11
474653730230440747830088372 -4
3170837521078022740 12
252304661322064530 13
36003472267377101423 12
564113060125812342503235 10
8521271382046812 14
70634615174652638767 -7
584836123887331382471107 -9
1338773617338007784088510 -6
1888710850640515177 11
533413741811471084380022 9
7481768616660788 -11
0100578168704306311 11
657142726845818302 -10
6127436613807417633221227 6
31575187241862435522167002 9
27870001587543853217742 -8
273524616215433451141248072 8
8865073843864106134414007665 -7
18757577455361880886670 10
12757221770536373343 9
2458555628376268860108240 -9
037844252704687354488635221 8
486453371017356051065504 7
270410233205654152386 -11
302664175108158323587 11
6514214474847383066338160 5
23874226814144880 13
31305076244521527567533 10
8502720660577770335625825648 -7
8863172650554670678673 -9
216158811385615488422450 8
7101003454232722011 9
150853233832488672041651 8
820733552427351 -10
8750157418254783 11
22760487253112256 13
614641753117772834 13
4233211878656523 9
6225870438705208 14
685738543072863 -12
1662312624228358 13
046761275377744350 13
48720865526703503 -12
314572707785103288334 10
31004888467080013461 10
587472427742265644652036118 -8
1464155654405566260882338728 8
681600611771710206235435 8
26041613503003517342205556 -6
522738642107320 -13
3364323558362766821026052858 8
7300553611011700347818633767 8
0210230728023304517443621 9
4550271358602722731 12
2771233422828075670 -12
574510238468844400 -10
448684880737768 13
146356144401426 13
84102854462138010036 12
5436273724014650721033 11
3415076251618001172052344778 8
6630578462876887 10
052556287164336402007580 10
48727440304206412310810817 4
1810140104380063 11
45232060651122017 11
838726087177363548 9
4848061002245138874010 11
65105202834224246 12
0520058301662182737 10
35512678118476778256642746 9
227356343751247 -12
86267104375451552200103442 9
4862747585045356344662073113 -3
60643128661856571755 12
6270050200743342215677 9
1114730025676851577 12
6121358113885587766537 11
660353621818552222833 10
3168884580218505576256403433 -3
2627385422835046766501 -10
180007465872741445770 7
13151531355050220224613367 9
377386623050736226053 11
77278104650365383833667 10
73638335742423044 12
88427783175638652138055075 6
513006037081426608242488524 8
864485887845767 -14
0368825418275855676653077800 4
500686104775751283234661 -6
117731341855764000557315 -7
658241421676503738650 11
4253101638115578025002233 -8
3280123662258816065558 10
421164054271572 12
16574757776684065586231131 7
12485125182331140686 12
1576203472283562 11
352403716552431517652332 9
733704664485266 13
1087536422278444583161226 -9
8885331557028462476108577223 -5
7186188678614813 11
14867046453220130433 12
4040373566214433626808116 9
5718630340823036 10
268336570661182044375871 10
246287704058562141868111556 -8
65580247138677422408832 10
6525870556764137766151121272 -7
523724612250634 -13
05412225423257136706516 -10
30830515562470350642 12
060335468481237288 -10
635114255342633066310 11
785102165437126743112077 10
201138047353557331076 11
33815157121228555316332 10
421830728647447768 11
8811224325843866383304 -7
60340124035120311446502 -10
27681316756821473412 9
350666874562018854330036847 8
460584703812467247342715 10
42687345441354768251818 -10
300221078126345457 13
5726833656670288 9
623335027516088226 -9
361345126027847070 11
236438331851038187 8
340746550368758 11
8740038812101141 11
0765466612524030 10
6818646637524285247323 11
152663411870055371624250 10
1635633213517474007720 10
7282145665422260 12
1853765688413136651320163 9
172620221072535777110 -7
1561286866604375873457707008 8
64378148355654554088221 -10
1536102474116887260 -11
245331411707045 -13
06324065458114320 13
655137318273530867440557762 7
210646846153623405001251804 7
486426816206751 13
25753100176027222348755864 8
427606180462565020673448 9
67667062471841440387 11
4572085525547160301344338 7
4752270482150581766600721 9
01317114230312433 13
2408015136756053166420706544 8
0733156272647737221388112316 8
21407885365722864 -11
11383335023864288454465760 9
24483865572367107022144 -8
0774503140823363 14
451610114575510753 12
7841148411565448555276880 7
6246164544338075478208 -8
3374860450121251554 12
627003160185463482733222 9
1341610806663800887 8
8623026747477744583580 10
8178867416381454 -11
0837613254637578663503008 -9
555844028102885580767010422 8
240602675678314565622 11
2360384782553522417680255170 3
184013425723362271185633088 6
541231157254304227866 -11
408077278666618835317833 10
01533243540183246734472280 -7
8375423416638257622877 11
36641015722603354558 11
0421853670668201344033 10
52180517117260041836 10
653480281775837 14
67143653474011230 9
470305346316000483244288311 8
85783303780700433721876 7
38151760420477061 -13
13374654530441088146007 10
27220741114266442664060081 9
3777711748356628 11
0207012070483286544544563151 5
6278063070655747261143100853 8
016246407553012344601782201 -8
34861363750252533418 10
4077540662031418235720677333 8
56857424256173566 13
7774162428453062 12
385412284524047122713333611 8
80460131473082501667257365 6
354327315444736017104822 9
50456723826545548188223 10
6053473821235410554383 10
542052552020078273578301 5
862306000661363053 9
6363685631165355174025 11
01227104628570244 12
35480764128413425380 10
276556416234013 12
55341320501601383 13
82258340162302143562 12
8831476578517117313 -11
035116863177003 13
306368147051133 12
457338586888557031 11
77842282054068506807665821 8
4818178651401166570 11
8782011431585442356 12
022684306570700113 13
7168842004554765084 12
4631665250104344 14
6016835728328823404575 11
43222811276535687075 7
43422744236864701818803 -10
266848025342704 -14
64381157366802332271788817 9
817430167432852088487 -10
537557088415171120442322542 4
171855117021733883 9
8041732532852705560 8
8214366374481044 13
263112313324475 -13
650057803806127301211321674 -8
377322544153818 13
75615431445672435 -13
88673487577122657221211088 -6
61648000753407073 11
153483344026731137247742 -9
876436347880244518 11
250874246577544652 10
043847677038488 -12
71550864166238750228 -10
4280007642606222573077811 -9
0803615017201847 13
4471181626662722 13
20005143206788315485758737 9
5321541487327300326 12
7643208471557704863661 -9
18445276002763222045 9
2521748634313346 14
4682482722154485811 12
527421355878400631837 -11
547571555477368 14
2507728056420486887107048661 -6
40610475842663244256586725 9
5420667876108750021660873 5
122174510646822524487747673 8
80236284410357443815638 -10
0236613727012458805 -11
008030067678658877322414 10
8453665721727411377 10
8022518543217666576 12
0112512853487626436516444 -5
07686051075228111208877 10
2237343376565236622801455 9
0667528810187724354 -9
187318863452578 -11
6830680007258583860465553711 4
1354540270320726426128 11
742367315865234 -11
45167365272722550 9
245430001763231722 13
3302651870588341211 11
1506368253412218818 8
82007832032827566731 12
164478326675158 13
48281123627522860 10
75327757405530584 -12
764756136640441064112105 9
662876186125104 -11
2306873245657311555 10
027167171854352 14
6275851345550274 -12
1254247444088707 12
6382883010661235482008 10
020801603261338703 12
363185674548525281850487177 8
67416558473358444212 12
88101554713436715 -10
04712458625601007066861244 9
0678327240564031814 -11
825026550620381777654780225 7
06546843232047443 -12
8722450540441368825135467 8
488805076786154 13
42107207430174652274 11
181610412321752 -14
131628235467300336 12
276473880642322584066520604 8
3530125633068844658047420 9
5503445253247664420076181 9
5815335642660648873644 11
655313270252067223366444456 8
113234585884801511266 10
10233716603008537527 10
85332251488638104487575 -9
135456603402213744123 -11
617046255350558806826 10
01745448862205267583355 9
1118608135746237450 9
65036712456628271157721333 9
004552685427178075132001318 8
3627013067803320016 -9
471817611148047 -12
4875188761553245 14
1724656823482275007 -8
24650750432301221688 12
558135808824061552716823 -8
663346457384218423370122 -8
786211286207000133 -12
78601482653815475253 11
5563683351502158842738703111 8
8786266453033688732217 9
1137456221426800 14
1433320127477016 13
77772314632458221 13
70121426877351670373302651 7
678570274332666260 13
1404465775685281 9
3537870772064222002 8
80683845127670362005 12
73116542156036118558227877 -7
054807673641677586622111373 -8
3724702114765168303322 -10
4210736581040231006 11
717820541477660171482106 -5
1543364511378433848822 11
7040300334387041255 -11
556760054332168 10
8656882451450668460022 9
027114333685522386166311 10
73212007587231461265 9
27517634305433551084428653 8
364517821446114407566553 10
002662028224311106 -9
2684011612534482663 11
7206524778588101146 -12
1372375231222011 14
41557086714067611324 12
28801834854763738422 -10
8038725623454223528544548 9
3330566316047104317760081818 -7
2622583474568082554213880 9
364216756620418873817768 10
538745445152065832204282 5
341763447166888276336177 10
1013665847872677532288227034 8
151404023440661160 13
6820042261306656 11
731636213766085153261 -10
70754545511477723685230 10
20610351528761127855662 9
4458631728188740456770748 9
4220485510800758202257 10
5574848643721058328532213 -9
565473156306620174214788854 7
83075052706147074 -10
387182882065767747 9
27177872036400058 9
06005122226715266155 12
27562234873582778 -12
5657248313557053338614244 9
68471581000581472388774402 -8
78336132626636342148 11
45851324611452352114 -11
8816077023634124160771 11
60743101453628480443257003 7
585771118023121488 11
1642671858640448 9
87851536420427643882715875 -8
30707130014566511377 11
7258644266848718311153 -10
8161806111274626 13
5825627452513772 -13
6781115243061128875355 11
81210755046625765 12
7461773044273583 14
20605120033478143383 8
78882822750577626004662333 -8
30158042553542742104 12
55641562501047572621083 -10
270152025681772086056567511 4
758076402843060022 10
57243377717082685605020 6
0803472464005260453 10
4322468525782670774456 10
7456082866135106 14
2263720883133626008238455856 -7
523260045087648 -12
4472720456833448778 10
43275745684487741657282261 9
877777658865042 14
36868028632314648332104 10
8017276356465315118133 -8
7518486705667203636 10
55837256254321077507 11
7621232274563554611164406 9
7436536772833481052056766321 3
225621552428456577640070877 -4
8626787427641530177 8
53484755086328853734514276 8
3078413133087412883611608556 8
833570083827656415554 -11
74041372535547021 11
605683373218513 -13
255643460663442148721 9
384556701277082776 13
1671714257611202205402768888 -4
838144885814762 12
22887383255642345407554676 9
605164388066548442600828114 -4
474152277536723164548078021 -7
48554001141236665 -12
1126667143276322781641573330 5
816186311323381262227 10
38214265474466752770420756 9
258638560125227507317033 9
2628645844318561120131075 -6
452163052553885722013 11
6138733254201600463660018122 8
73110871173784617428438864 -5
87327557612406553471407 -9
86374748321621842268024311 4
7522262430171738742448465 9
07580452323500880133 11
65584136842088414601105 9
84133250084837071260 12
454437086421425715633275 10
7852102408843705730022838277 -4
8828814447654342826135206 -9
876550581314288337 9
17625823755200870446 10
35868201237224462415776 10
738151267682466277556 10
3701652655067763872 12
6531564636612342072 12
7308827144110586 9
4064338553042176886851 -10
65224475567567465023332 10
81005728783478835625143043 9
734334065213080088 -12
4618015056424414 11
5406438128184704648 -10
344560073556274511530110 10
01470035086055121284822 9
387558821700857643255187 -7
727003181711413284722553828 -8
618816358031003361158854005 -7
61532022575521532708133384 6
012332248650060042 10
8170554632817236 12
1705586307281776 11
0707707471100168663212686885 6
673023835400222 13
726513440133751 11
18860866235342178830230102 -8
272728323654543368317 -7
13330038741360111520086 -8
32524856800716387543 -11
884866351208854044 -12
4254844367866753772431073 9
527025758614777123148110 -7
0532204716846048274145 10
0422807456877051 10
2278101621437420575213 9
352563872384880111807331224 8
573352645500803281 9
84540725310320382 -12
30161634057765407133 11
681000630557186607813 -10
6606475324614402007842 -10
7533458554745443310037708107 -6
7211553403086155511067668600 8
3617774256420225281 11
328242200374655872686681187 -8
770143562573764 11
1802546513054644720011 -9
14746866163751757302212 10
0881476162208117356601778832 8
272411306556063455425064 -8
7440735623486568803 -12
865455265767628777641 -11
5007440440232340826151552566 -5
53654711366100268110833 10
8462878806110017420141248 9
0614753252030065822 11
52418845563122588117 11
63326353321745256642710 9
28788054672651660102 12
267466180357782611222617571 8
741222284357277600748081056 8
287657122857722001 9
03534664012488872446513778 8
032817847567152 -10
51234667388101164507443 9
17170484323566528225332 9
14186062113883586681330543 8
7217051540673647744 12
3350723386400386716788404 -9
517740168232263 14
363714561833208076656772 9
6848160375257047442 11
185703656072046600547 10
151521162875552210 13
05131837642842241 -11
581450171162128005035323385 -4
5221160156612433185533757 -9
8408713356637332642782825866 -5
72021301600223621607 12
52266427645318456622871054 8
6583157550718808500 12
0767283145517113134433 -10
2088188134162573163 12
6268871058571834 11
2373658854706484450082322112 8
8823666146334175442570228348 8
313218274444256400087 -10
2287178688577743352 10
11743355108623533815750 10
28405713733171042238811602 7
624384601288155188430141 10
583530762412881760783353002 -8
757434775641518 -13
4831626542661653 13
1252538755100081085731677034 7
764781003712157 10
228071653164486611058 9
2367348488315001411077 11
0340077437537161703530114525 -7
0041121221316588047646 11
0116048758582540220576 11
2373164583356846736 12
026158348184611766752443 10
7841377010651411833742438730 8
038626083085420550277784 10
0051016612346237 14
667300452835303371 9
51120033006478062 10
2878713542620886778023 -8
8062431015711154628 -10
7070116004014528447 -11
01153350328402405227675 -10
5101254323064873 -12
3377202277886556143620745855 8
1774244126585103136 -11
42004622227563666080053378 8
68224185634312322583 11
471623636338580052 10
67885720722062433 -10
