76223221163 7
24957286 -6
9991814345 10
688937 10
634675893 6
64828957 6
4966575 -7
453112129 10
77124465196448 6
3771976794745 4
78644671864795 -4
414816 10
78128251 7
9438955841927 -5
276555527 -7
417179 12
945576997769 4
7543374874 5
835968173319 4
54657958137359 4
6923536 -11
9693422178 6
97133896561251 5
7969621 -9
344434331 8
6771473 -7
7325693259726 -5
454858 12
519852 12
12119556887997 -3
8389515631 9
446934956447 4
677877 7
688775 12
2879444849168 -7
9835481295 -9
2259521691 6
23544623379 -6
62895297896 -6
454967233 -6
25441123648 5
9848519326168 5
93383633549461 5
694817819 -8
675887432154 4
5397664 8
79714833411 -9
7445111931 5
1598459 11
68974363623 -6
8515485436114 -4
512863599 -6
94496987323 -5
23786669673276 5
4246717 -7
959525 -12
461621231273 -4
8893137693 -9
364145952 6
99323359946662 4
655452349 -6
7477563969 5
494668 7
73392678287 -7
693862871337 8
65372423531255 -4
61833775 6
17278643333 7
35614661789452 4
6819839524 5
4567544177 7
499275555125 4
5281692753 8
24217712981 7
274967742265 6
9565922 10
6858995 -9
5865173497 -6
4393619552413 -7
1429343265 9
1665229321461 8
6948679 -11
17814233485 -9
1795296869444 -5
6864482288 5
32386281 9
6249118929 5
676665317553 5
3751993472 7
686124476 -6
8181934757448 -4
4482245956186 4
118836149 10
9269394543 6
53735255571716 -4
636599 12
859145262984 -5
69955749 7
48911881 6
3299574653 7
6623132628727 6
81794165 6
8666528119381 -5
242335689 -9
467141 7
6211156843 6
543249 7
53845649378 -6
46766372486 -6
1999755577 5
724848 8
1656576174 6
641472347122 9
49958692882711 7
1258967188597 -5
5112699991156 -8
97368126481 6
91477671131 -5
166134519934 4
3134316344 6
8564168719573 5
55415651669 -5
45622628379438 4
522758 12
518182 11
81346549 6
33222194138 5
214932758951 5
841734682 6
45274998456 -6
74979399277 9
686547 7
53868518984 6
838813964 8
486762664 -7
792481719818 4
39689549 6
16169724 -11
795593117151 4
9292518 11
56696346124 -5
64394133335 -5
1965616647491 -5
761648322353 -4
5679137796977 5
44733472 11
5794587472 5
173182455125 4
1525892 10
714668729728 5
3685461225 -6
67387712267596 -3
65326798 7
1263516 -11
54174494276 5
585826 12
4339722192659 -4
8489184344 5
89929245145468 -3
88747816774439 4
2382493158 7
51978253581745 4
993224498847 5
5221514 -10
87933858897641 6
497521724597 5
14537112986868 3
787222 7
4241618 -11
257989515876 5
5778596 -7
82993132 9
6937476 -11
6113551 10
538768252 10
44754346 6
57196592494 -5
831273862 8
5868591 -9
46745486235 7
95973865996156 3
376484279 7
95991329352855 3
361136 10
8389215741 5
715755794 -6
72313111 7
6351466766 8
744541443 -6
92293152 9
444716994 8
89629298 10
574757 12
16988579885123 3
691112746744 7
267541328 8
41375216 6
86516765827 -5
43359753792236 5
533145366572 8
96756831 8
82292224758177 4
795482368651 6
1997379 11
624786716 -6
627837541 7
473559497 -7
86173991831 6
2369381117357 -5
5816282 11
816237766 -6
94357145 6
34527749389 -7
489847443553 4
57427163 6
5974434 -7
3122562496553 7
385157823 -8
2864963474 -5
744866319541 6
228227844277 4
3112373393289 -5
9952625 -11
3981593 -10
91656134411 -7
756115897764 5
613396549 6
265259 12
5516996759384 -4
41948526198 5
767169 12
39646937 10
9923261646 -6
836969 12
696452332 -6
32516564118327 5
6193358742 5
486162359294 -4
751512116956 -4
267355563 10
594776817 -7
85412857633 -6
2592419799218 6
43813631 6
173239896962 9
5134423 -7
626941894 -6
2731693595246 -6
35151296 -6
4313968 9
87116514377961 5
6336972863212 -4
4241654469219 -5
3339629819 5
3139312317 5
635889 8
44125763228 7
653961 10
526425465735 7
487719656432 4
83114266942 5
96776634663323 5
5852918559 8
171162333378 9
8418182 10
762848795 -10
76524369367326 4
23218661577 -6
11794695 6
13435576844941 3
867257889 6
89515711951961 5
136675267 6
49374571 11
71194668 8
57622619 6
7687327424866 4
326635333677 -4
7526294871 10
645958 11
18354287316 -5
9641982969 5
1523837767223 5
189945475471 6
7177436574 8
96722342228178 7
8559515584 7
843866272 6
25584761 6
772688838633 -7
89632135 6
446364 12
454731 12
78454451763 -5
4929588 -9
5962276323 8
46881572332 5
13477229 6
517896846245 4
462625 12
9632771753121 6
98598155499 -7
61862697435987 -3
33231254 -11
2111741668 5
8525829 10
83281626517 5
8629723474489 6
4563956232 5
523951643 -6
5837545594192 4
5458167526772 4
7122715 -8
43743391263735 -5
5462813752797 -4
82591314 6
45853336629316 -3
72394642 6
157333372 7
3978996831833 -5
856262 12
2835225272 9
6912344869119 -6
71124365 6
96496953657926 -3
463884323336 -4
25537934 8
58177963597 -7
855692196166 7
412921537 -10
92465534543 5
59642311 7
435418894 10
929726775252 5
38459512997 6
668341571 6
7138558876 5
54135139 6
219267194123 4
45685158 6
5625276262 10
286839375 -10
76188935 10
54812626434 -5
88439514658 5
614333 8
821439844259 4
1295926 11
5829182 11
169716 -9
43728423353 -5
269649139 6
37314933976 -6
423556 11
512496769 6
16445146887348 -4
4779286611288 -5
829285 12
2112448481 5
5228128178512 -5
23317923 7
3865753 7
387874691 6
7158131956 5
242779226284 4
858717631 10
441217385 10
5172432 -8
8872473944 8
6434111 11
348753974 9
45169988585 -5
72295426851 5
219371423795 4
91482728 7
17119531625939 5
636748 7
83313879 8
53791551842674 3
8895179433 -7
4871722 -7
8113413167 5
8936699148 6
776223398715 -5
349383595434 -5
7713978 9
433138 7
5496151831458 4
959199129 9
58894946 6
153135512 -10
8766444 11
246329424496 5
23717468898 -6
399967 10
661375514569 5
392239786 -10
57311246 6
48439189 6
579673584 -6
59927886114762 3
4139319491144 -4
485863372232 4
4348938255 5
9631791971 5
5923688856885 -8
3127235458824 4
6997237279429 -4
9788244 11
1588947 7
914714341 6
4938411 -10
4271999641 5
567746325231 6
472141 12
2543376764 6
485442555785 5
27857749332 -9
23644118 6
9343282475978 7
6779394 -8
8982266836 5
93847796 -6
386161 12
673444483518 5
83394233886 -5
724972 12
652954733 -8
4229233347 5
417245 9
56681621771 5
391565948 7
6918496 -10
59687384 7
9461354312 5
48764132 6
3961439581569 4
139361654542 4
1451781113872 5
631163 10
57913617783 -8
851892761 6
9359312737548 -4
6483436612 9
35964648 -11
46627377 7
4163623 -7
5887396 -8
497536884 -6
92696266634779 5
814281 11
491849 12
43375151133 -7
698629691199 7
7849485641944 -4
31723222 9
51981146 6
545197365 -6
522791256 10
68327225422 5
52569697614 -7
5626259 11
74182132245247 3
5459674731234 -4
511815 9
38317346334 -6
7666361883179 5
8629869161 5
287679 7
3617573 11
79993842 6
732934176416 -4
417441657 -6
962389117 10
73613245212 -9
2993366149 5
1424662217 -7
48853959 6
658873497298 4
81154385288 6
428583363688 6
92328367342725 -3
21899616547 6
9519859 9
511249429 -6
867134778778 5
7446143951 10
337529419649 7
3595483 11
792993767748 6
93313952 7
6847518 -7
965613192399 -6
6868296 -10
8371392236 7
6596952 10
357529393 -8
636453 12
7838761224514 -4
218162216519 5
7782175692 -5
886684839 8
6768343 -7
62223923 10
7846674174229 -5
7586271 7
7281992671 8
4947714 -11
4625246388896 -4
732825979 8
78491346994 -5
89558819331697 -3
86792344412419 3
78146512485624 -3
475316949 7
69454957945 -5
3149481 -10
1892411118947 4
497243332 -6
2183515295 8
66414735841 6
69333413198147 4
4149145986 6
653996937713 -4
525641 11
494944181 -6
3918312 -9
73413779612 -6
2153636 -10
9591876636548 5
42727898 6
9762446283289 4
115115462693 -4
25442951525 -5
9588957 8
7193169359985 4
599251857146 4
825281 12
65969299175 5
44786395463621 -4
1636437228136 5
959615 -12
6743162388 -5
6938623 -10
9973537942255 -5
3598483 11
236144578 10
51725887 11
2976337121 10
797131 12
618879452 7
76635137887975 4
49933532 11
546167 12
2597338 7
4626489 11
434276 7
297923 7
4552767499295 -4
73649835275 -6
51621187 6
87513898317 -5
6298132969 5
1534933545 -5
725321 8
599593246 7
24424773 6
8757778112111 5
6537191658584 -4
5517677889815 -5
8939585435 6
7736369 10
8832686 -7
98526774213118 7
3964116111834 -4
36131675573665 -3
977759267972 6
62113521141667 4
297672 7
1936314 -8
519152 10
19172793586 6
445141934736 8
4575714211813 -5
3167123488 6
99566226584531 5
95315952 6
9554666528749 4
1642897544 6
2229246451191 4
9817371 11
7738517131 5
79642358186311 6
3487594475191 4
976543785 -6
5226914387 8
673979 11
37653378 7
5141245344 6
983438434686 4
6741487 -8
8122713985184 5
19127328 6
5594942 11
463372487 -6
626393 12
1734616928 5
6345575 -7
2921341168 9
2926596692597 -4
726711453156 4
21512119197 -5
7636496114264 -8
39629263486546 5
535221419 -8
69824144841 -5
376234 8
49852828555 -5
31127794463 -6
379497677 6
393772689 -6
435154 7
95253214 -6
191991211965 4
59598331917 -5
316797142 6
687314979 9
8587685891 5
97688769 6
724249 12
5564452378228 4
929237831 9
885452 12
764585678966 8
7492393333 5
2658238463 5
24361284 -8
598121 8
477188 7
629824953233 5
1888129654 6
84921967212983 3
686539 9
819641978665 4
4954535 -7
588272 7
1689796995684 -6
47717977 11
87655398887252 3
14486842 6
76876318939 5
932445621546 4
4119545149866 -4
17574242 8
1487281 9
885524163 6
1962913871 6
21114153688 -6
4625364152947 5
25367972 8
471547 12
996139667 -9
6798583444433 7
74357939 6
767859 7
299868738222 5
75957677788 8
17641222193971 5
93792667979 8
854522315784 -5
3967716 -11
693134 9
62456139 6
921841964755 4
5252914 -9
63493664 6
22794372 7
89256922812567 4
5398795356483 -4
2581859 10
712329 7
347649 7
35868749 11
97829439245884 -3
48834358789 -6
124161687525 6
67336228661 -7
316297626 -7
3542929 11
7383777113 -9
678841954489 4
12926518976266 -3
46157457969 9
4587284111 5
24158432 -8
68538128344 -6
193136 8
5786161 11
263888283565 6
47743785239 6
745754476 -9
9536367 11
942646744 10
731643119 7
7221634 -10
19456342 7
32757242 -7
13486849234 -6
8861346739631 -6
1555454411966 -5
635463 12
3772697 -7
88543353874 5
4885991957 6
9791886199393 -4
714738418 -8
6764721729 5
578671252473 6
6739588 -8
1258115763265 -8
51954184549 6
561597629374 4
316235739856 5
418282 12
3419789753377 6
8682831896712 5
84998719396173 -4
81974199439819 4
695755 7
9457849 7
476746 12
5315821435925 4
394943789 -7
94769788534 7
8895741 7
351156 12
9531669176693 -4
18673963283 -6
18652151 7
26947197485274 5
4342563 -9
525199 11
854926782 6
4371522681 6
71418882867145 7
4251334662 7
42664895815225 3
876581781183 4
21233877 10
4661614 -7
67696456438 -5
677151 7
535468 12
788849 10
67824243 6
68374795756985 3
63388866 7
58861971316 -6
7898836821919 -4
39972529414285 7
82915433414 -5
42914774681843 7
245672137267 4
74872998122 9
77173771165 5
986567555323 5
375425385952 4
1296163 10
94435821691477 3
17834457778455 -4
266868 7
3162213 -9
36267874253543 3
96298454386767 8
1784242 8
88128528182677 4
45899741 6
492121 11
239344244319 -6
437733 7
11427333 9
1377258 7
12452974593747 7
48418691 8
8848839684199 6
95877256 7
5714493682891 -4
514194231888 9
49549632823299 -3
832559122239 4
515233212 -9
876618122892 -5
2956797753 5
3537146953 6
121183477475 4
122724374149 4
73237855975853 -4
1596834615 -5
934793725138 4
68844551 10
2193893985 9
62792219258 9
3523879 7
59169244713995 -8
87768242678 -5
485176892311 8
668215281 7
643731 7
464145547 -6
3836346386369 7
269459391485 -6
59556398219654 4
58364342 6
535133489 -6
5779685 -7
7326264421722 4
73916938 6
834691661687 5
16512329792 -7
18757486783787 4
424191 10
12958586 -9
1747656832 10
4758479 -9
634992 7
82157671 6
693237917325 6
1433747 10
8687794117967 4
3258616 -7
66369441345 6
5774397962117 -8
61343719 7
3296555883277 4
24677421811993 4
5326972951491 -5
943239 7
67667418 6
73727947 9
137338127996 5
158938675271 5
885859 12
2368996747 6
5881784 -8
724942 12
737649 7
225658 12
3431883 -7
588286119142 9
31797192 6
791178 7
25258422 -11
19574188642783 -6
785716787114 4
499948 7
22615443966569 5
42147865683213 -3
817672 11
8444247336 -5
15465789428 -6
6218793167 8
7669317699 5
847475 12
64224831 6
4279543656821 4
6412581297816 -7
928417876 9
8989866841 5
6558476 -7
6678254422118 4
9576696742886 -4
2423797215286 -4
314669789914 4
794272 12
2698669254 5
589252 12
314972793 -6
2382167 10
21662537 6
757399 12
78424396611 -6
78569269246 -5
15751786 -6
4551164714 5
65275566 6
1619457587798 6
4887596 -8
68773964322 -5
746676989 7
72888173 6
863852624189 6
852758412383 5
85583459 6
724822 7
41935915487693 3
39166911357 -5
8666324327 5
46476292 7
7971156752 7
7241961878 6
16761294925 6
29333168876 -6
539625169 10
11833459 6
3159622 -8
5371797742919 -6
74339368875 5
39147511515 -5
97457958615 -7
412492535737 4
966887 7
5197556878517 -6
952271463 8
92655759929415 -4
7198844835 5
51199759996 -5
68633751 7
4839677 -7
454872 7
345134755925 4
574742789 -6
5893971782778 -5
18913336494 -5
6519887 7
29412141154 -5
69433191 10
73938476 -11
671298724449 5
81896744 7
5953259461 8
42985995951 5
8946996787 5
935284135219 8
2552158365983 -4
3591321957 5
9842729188 9
648799141 6
69254571425 -6
2941323579 5
495771125 -7
124847838552 9
676366233842 5
23769988365469 4
667341754 -6
8355111815238 7
516643978 6
21217111 6
5854516 -11
899483237 7
641631852 10
6936282443256 -4
4779431465 5
1361216579897 -4
71936528316528 3
441386589 6
7267613 -7
44841396131 5
58468793 8
368154424 -6
974941 12
6394941178 -5
2466621677529 5
3126516424522 4
543879787 -6
695361573 -6
8164532737 6
262382177546 4
36551424 -6
8681455966493 -5
3243415696798 5
96566353676235 4
95831126466 5
8525155 11
633958 10
523619361 10
4368744566 5
627142459 -10
689166244292 4
84128357 6
8969865771 6
6981612828 10
4248841661 5
23193833836 -6
979616 -10
8133568178 5
8189584367 5
21518967225 -7
5954943841 6
52693994656 -5
39763767334 -5
31599164 8
9463541 11
681425254 6
798899155759 4
26296875 6
788148 8
9832691427 5
31658961 8
51173275686 -8
91798836219562 4
