36862214646 15
37576472124957 13
6931674 -14
771976794745 11
16444623148163 -13
8551536466 15
3948476 -14
38346752 14
523751 14
853475484159 13
64655455 15
27891578566361 13
432255862 13
19256251348 13
899919212617 12
36452381139 14
9449645867 13
7748771349825 -11
61377974937 -12
4762483 -14
969687275 14
967265227942 13
564632731 13
779658389 14
675458 15
3437231557386 -14
5668387225952 13
494237 14
432131561838 12
1467665251 15
543652 15
366889782 -15
548811498856 12
1435356961 13
339326143 14
7478867 -14
735236613268 11
44544593858819 -12
886879452 14
86674352545 -14
449342529 15
6513342766 13
99755577 15
597358 14
394732 14
974535344 15
4791667275 13
1299986626738 12
72544137 14
9987345413844 11
5486763 14
79283354567338 12
39388282288771 10
8812579536944 11
361549423652 14
2441579368 13
555187672361 13
4756414 -14
2981676258582 -11
88595155629 -12
94576624773 14
47469228449216 -12
746324763547 12
3257421636345 -14
2128658675224 14
363542 14
57671697 -13
826829212 -14
4539967949 13
9243242259715 -11
13658796264 14
1623789855367 12
3966555495722 14
4935463 -14
16682979644266 11
1115534951514 -14
6348357233617 -13
333653429 16
34836757462 13
6978617 -15
34494258 13
12639378811 14
378585888 13
246392879785 13
4341784 -14
52949953452366 -13
467386984975 13
6962435 -14
963363547472 -13
673266362488 11
28683533 13
645951 14
6113869757889 12
36121586249374 -12
8354488828 13
915583831 13
4662988888 14
354849 14
6694835737548 13
5537648 14
51774846 13
484361 14
323624 14
454953681481 12
392817649735 11
6791338165 12
8495518188 12
364532 14
5421426862475 -14
11989182457226 12
41353946787528 12
5956518564 13
4148465 -14
5239516 -14
5315254986888 12
755934122699 12
47845963942 14
37348427569 13
543156624 -15
3839523 -14
69283654367 13
83623149 13
488581886799 12
79483372895 -13
94798946175 15
5345434468279 12
28225961674 -12
572891645178 13
2946595311526 -13
51532455193788 12
18442355641 12
8325313764 15
634549386 -14
812151133884 12
147936945 13
3852576 -14
675879 15
546951 14
49151823654623 13
26931331539 12
35868288359 12
92541359876238 12
38645759 14
64192485915633 -12
797432618 -13
992344554931 12
785741462 -13
3664695639 15
58564397 14
57372134 13
535647 14
7795861 14
7188951694332 11
351523548 16
4269434 -14
586257 15
718359265579 13
45262931 13
5838312466766 13
7629929664162 12
2222526753 12
49788465773941 11
453241 15
639397446999 14
91452538771148 12
286883454961 13
4637589271 12
724668443198 12
42365141 14
6377198557492 13
72581853 13
4165523782 12
67343623563 12
48898963 14
71386561145 -13
514113527 -14
4843495 -14
8773686589624 -14
364353128 15
2526428425849 13
23676521584 -13
9849715679 12
6544286751 14
5251734 -14
47861713552425 -13
6597854 14
7376168397 -12
47414964715 -14
3967399258521 -12
3627854149 13
99655264 13
675463 14
876815965 14
931566446 16
785637597439 14
512182834 14
676589 15
56594872 14
64228243397 -12
6222644591 13
27616833 13
5359646 -14
495163676 -14
4847695 -14
96793327892 15
8228889415 -14
739765482 13
374925312 -13
131655733324 -14
8722428725946 12
9585761 14
387421256258 11
95795968161546 -10
45487665728552 12
76977932394 13
973654323 -14
75464281 13
217852572371 12
84235139 14
75969299862 14
91374774457 12
8545967473 13
424957 14
77395712863 12
122537637859 12
2516166949431 -13
625157 14
34396546 13
7145185969 12
585361 14
7724355668 14
7226313141591 -14
454253 15
85571641 13
46525793 14
6751526 -14
3476227844 12
536477982 13
77514516816889 11
4836988275575 14
19452823 13
326342659 13
6467357529393 -11
516768 15
59534976 13
31743269 13
5369635 -14
4866418758627 -11
495352 15
975836521569 12
322934 14
43671769655 -14
871653274 13
6224853732745 14
3521462414914 13
7285834666 15
586967 15
6343251 14
2755956894184 14
45185676573 -12
3769677112 13
21263954 13
88472645 14
656774 15
4334249967532 11
47732629344635 11
28835436162261 13
7589868 -14
9985759625 -13
487943 14
4552277551 14
1367568629166 13
32793426 13
3137526 -14
617268 14
393465 14
576162 14
46653789 14
724546 14
5264773859 13
86197592743291 13
41283225166536 -11
7251784 -14
8338274941 14
315952 14
3699919532865 11
356439 14
2215279588186 14
856825864 15
7687265 14
75645239 14
92659669259 14
327169856824 12
3649211526 14
856685974 14
414752 15
3849721748 12
7881594615371 -12
95949529334213 -11
52873264749 13
3142179512637 12
34196534231 14
877152475 -14
3858768589139 11
697688759 13
435958 14
595462 14
191765265123 12
96574157425 -12
3195496122943 11
773257567168 14
887274895 -14
63184931496 -12
4575146 14
33743752357 14
569745321 13
516888593 -13
877654846 -14
7964697 -14
617978 15
9487221823944 14
359634747746 12
82155817418655 13
5457686 -15
41252973545889 13
6852313 -14
414335 15
11643796632 12
3192497635973 -12
476857739752 12
634968 14
8727669 14
7347824886349 11
5234139 14
16267669659375 -12
53487536483389 11
7671324561114 -13
44679374557 15
3532414 -15
4149733898 12
786372 14
2478394866197 13
3453952 14
7479422188 12
7526869 14
659686976835 -14
85867988 14
788176 14
493231 15
1627995845182 -12
6767487299 14
1226311955265 13
264919736568 12
98515796295534 12
56215783445 -12
469483231 13
696178 15
47441945 15
564841 14
774342 14
1369325852 13
6963717 -14
16217453865283 -10
48364199364 -15
846323573352 12
83164855978 12
87535567843773 11
25835468 13
63534657638931 10
6215345767 13
737958 14
756332414222 14
8224794424562 -14
614263 14
342125 14
646312598 -13
4347453 -15
9761984282 13
672568188974 14
8827373766247 12
61955439 14
486589836942 13
74869477661 14
6456873 14
69577877 15
5725946561961 11
74892341 13
489257271748 -11
86256749 14
69413965361572 12
749684166 16
5954625 -14
71666345548 -14
31685834448677 -10
73137577657 15
6159575 -14
595237 14
86287256281 13
78794343 14
56413852 13
94742586 -13
1521273471641 11
7369487 -14
572721773 -13
5873764915868 11
56537115792769 13
73688873 16
5964726857264 13
4345736851 14
3151825429 12
6461996615 12
3454357298873 11
2112334593 -14
724688961 13
2351214636 14
116937546179 12
8886791849994 14
2369796165315 -11
7277676 -17
9654347 14
71435649 14
86439451752172 -11
7679788 -15
4948326 -14
586157 15
68878933 15
43664167367917 11
376863 14
64454326 15
6742526353 14
187363829614 -12
59281767592614 -10
47674153895621 13
816265339 -13
748897267 16
4646943319135 11
792371826 -13
33746826248 13
96111678954623 -10
7459474782795 -14
8276267572449 -12
2379853355 12
8867165 14
9595528554 -13
5635343393171 12
724873 14
6231696 -14
396267 14
76511281636593 -12
422747594 -14
64855697593929 -12
78635974 13
826922575973 13
613564 14
94183668774464 12
59574681 14
617475 14
2545923114 -14
52726438131 13
61787277 14
372512843592 -13
41613975686 -12
634757289 13
714849 14
514332 15
7761427574935 -14
5476438678746 -13
54292943 14
62259987154 12
56337592726 13
4837396 -14
655964 14
86317245238546 12
84485997114923 12
558669286282 13
2187488432831 12
224454533 13
534852 15
717362458 -13
9747856 14
788579 14
523837 14
46539546241 14
5498453813775 14
451223392 -15
597474 14
4352595 -15
312425 14
578169624 -13
338699769 13
944183294599 12
8636987 14
314248564 -13
149376552 13
19493532486 -12
4645724 -14
28294531 13
7576417 -14
6259436 -14
35434957 13
35992241241 13
4217692579473 -11
696771 14
5676174 14
39353473141 12
456315674783 14
62417553991348 12
9231491131 12
342788316966 11
313524 14
14463955163 12
9548524359 14
2782538256 13
5915492316775 13
366853245913 11
588289417 -15
585263 14
1396221364 -13
19255167544614 11
67393745 13
688761327 -14
9253445478382 -13
2978785795147 11
742634888459 -11
263355846 14
37855844224541 12
37616945 14
14238569926457 11
59639964 15
52574898367831 11
2254522886 13
71615854611 -12
5797593376614 -13
3541659813971 11
2664875161787 -13
7846657 -14
6342487 -14
92488672433493 12
8734721394783 14
74563358 14
14534156 14
677872513 -14
41963812277324 -10
7736694635 14
19931581764564 12
2231452288688 13
28242332 13
657864 14
56742393657 13
3752596 -14
79915152384699 10
3937325 -14
864161487474 13
684768 14
8573964327649 12
98748211948 12
24285322 13
872563479 13
49642295242 12
5252396 -14
4365231 14
51596934484 -13
76219675818522 13
7372416 -14
6923185474971 12
32856864 14
733774342 15
647561336 -14
4464297572156 13
963162143999 12
485365179 13
4139282568 12
8322866971 13
681968911795 14
2483156321365 -12
766275 14
5342514 -15
78417294 13
68533967 14
722236874931 14
267141753253 12
34664655914535 -11
5798221561274 11
2768875246617 -14
3867423 -14
92475585333 14
653323623184 13
43981428478 12
117231927 15
426943 14
6738796 -14
194743153691 11
65745858414 -13
47774565392131 12
48413244 15
7178696 -15
16897992147961 12
69426893672 -13
49444715 15
5579963268 14
688967 15
128957343226 13
3517228414 -13
463372187983 12
354632 14
874975748 -13
97543125655 13
75865751269 12
934563226 14
717852 14
2259866755995 -14
921285911 15
71681379 13
75524385 14
4653525 -15
34453262 14
3152313 -14
4664536782 14
257517186 13
494239658556 12
651337468 13
59643567891678 -13
28772337454 -14
61865117381445 -12
19745273317 -12
5352592581484 -14
475759117841 14
3341668597733 13
99252322954794 -12
173982385515 12
62284769 13
224347126365 13
651828167 13
4538394 -14
4873414436 12
57889754162 13
585732 14
8294213749 13
931887738811 11
34627573293232 13
52697478 13
74656498579 13
7245317949 12
1823796475226 -12
5172466149 14
475864936492 13
8756971 14
511124839835 12
6241676 -14
93442646111997 -12
1161711978 13
5684763 14
6357545 -14
5926825374 13
32396161 14
6861797 -15
692372952965 12
4948344 -14
58366286983 -12
5359485 -14
73334765549 -13
5984747 -14
65617198 13
3957323 -14
3131365 -14
59149698859938 -11
384241653 -14
1828556472152 14
57466989 13
414839654 -13
19424445 15
251212953 13
6157696 -14
567672852624 -12
957721863 13
6367537581755 11
9245393427142 11
38544235 15
683239 14
3626513 -14
596461 14
95187168233685 -11
762416529485 -13
67424897261 12
47327247 15
627934455 -14
918251161353 -12
34456999726726 12
88414666713 -12
23973554683 -15
85295667 13
8741118776636 -13
724275221 13
7911796461643 -12
61694782334 -13
329413248715 -13
54725139774 -13
4145234 -15
8639677569 13
5923675184 13
8765534384271 11
471511658423 -12
623831 14
9785654 14
75124573841 13
493635 14
9476585369399 -12
3414732 14
594153 14
84486975489 12
572941434 -13
323447182 -14
89638122 13
51373724 13
9772559479945 13
6344231 14
2883137121921 11
653864 14
663132 14
45766919 13
5351524 -15
495358 14
7477887833399 13
26379854288152 12
9231516451185 -12
5551471513638 14
5787282159 13
48355768 13
27927277153 13
45866394237 13
884698663533 13
596433878192 11
6833671448716 -13
8737986 14
7447769931353 -12
66393666592 -13
56292876513 -13
53819426156353 -12
64686596535811 11
4175464 -14
4257486 -14
3759786 -14
3133566783 13
8798655242646 -12
96858962798 -14
49595668 13
9645387421879 12
863758618689 11
9443383322 12
393752 14
7652518449 13
3758596 -14
51315664 14
173454259 13
279746962 16
13128543666 13
94659935388477 -12
6221369437 13
436165528 -14
22346111326 14
44859782176 13
98136551812767 10
23692799245 -12
767353546 -15
5413594744935 -13
3769626 -14
44341772259 13
4548433 -14
544137773546 12
496847 14
684263 14
197673776438 13
585688636 -15
85513589314422 13
6429636652 14
853635434 14
6437157865263 12
463684954 15
4547936362224 -13
652242138 14
339495248 16
357864152 13
775764481 14
51374652 13
7654351 14
386534 14
49472861 13
29294513 13
1645478661 14
24848313 -13
52267879529939 12
962952276198 12
5713629376266 12
54111943247172 10
124647233 -13
7776573857 12
34694153226783 11
24992338 13
4978847932885 -13
484449 14
134515736 14
674269 14
38744772518358 12
6581229763 13
15875364115528 12
616639177449 14
6842486137879 -13
752563786282 13
6327138653143 13
61637823 13
545786 14
586467 15
4744448653761 11
787965 15
5324149 14
56313761 14
72715177878 -14
14932484 -13
688976542485 -11
4531655461 12
6867798 -15
99216132378331 -11
316289759163 13
65154327637571 -12
5115481641 14
331971241 13
63899189 16
132752627459 12
52768795517 15
58471163685993 12
4591894636297 14
62223639844 -15
959747999 14
822772553636 12
4839314 -14
18544256 14
8914631238 13
549584768231 -11
491729438816 13
243736514 -13
9437596863 13
99764542 13
145992554622 14
65925342 13
426163 14
67978386535195 13
1552651956262 14
449496338487 12
146372585922 14
2171792738575 -12
367449857914 14
9626366429283 -14
437842 14
13665347611 13
83232522787 15
4694169568 -14
575476235 -13
39621557636 -12
7243416 -14
8735952479 -12
6784859648261 12
28675251 14
5372484 -14
1585383714 -12
225986925783 12
24887687671 12
897271566 -13
67798422959667 10
3289745651 13
82574259 13
27915774872 12
38415246 13
3152695 -14
535942194 -13
9685457 14
1514476329 14
43686366 13
6841737 -14
58875269 15
83935635163236 -10
55371495865 13
63767617988 12
81915113139 13
3395798661598 -11
6999231164327 -11
45328418256 12
42547756495 -15
34941321 -13
4733865226 -12
558664347 14
7143636 -14
627165 14
515873 14
39399529 13
47965348323 -14
5962532927475 -14
968666716 13
41794356362 -12
33132874248 14
826761667176 12
62717533 13
898491748 -14
39683645 13
657478 14
883458497446 14
525967699 -13
71248694927 15
469391824731 11
5673452 14
515237554 -13
7459697 -14
67786394 14
74882519497618 -12
1863438251984 -11
535426 14
34619997576929 10
17313665498 -13
8379768823 15
87765472 14
25153114699 12
7587469 14
6975132415963 12
348255141 14
524537862 13
4973896542465 -13
6952434 -14
9484858813632 11
5117434631312 -13
4231694 -14
49996742492 -13
6641497528161 11
497178 14
526819238752 13
47162583797236 11
18594256639277 12
6996867516 -13
45587618 13
445764234 14
26789684995824 -12
4659437727 12
767882 14
24586748354 13
631539826347 12
47157957 13
58897288793411 12
875935856524 -11
2343128 14
7126896476479 12
528133469 13
4843495 -14
682639547 13
959745175 16
741792685629 -12
6878829268 13
91442352955831 12
84557316159998 -10
88837527389 15
8947427239 13
3487613521946 11
636948 14
88631457529971 12
6332261666 13
4835767288583 -12
634765 15
99775691261 14
46611685637831 12
812882114844 11
645584279 14
8488495683 13
6467536 -14
4341586 -14
667347656147 12
6362514 -14
23947958663 12
57936153617936 13
245779318276 13
54573681 13
63799838777831 -11
8137322519 14
1594243 14
56396157 14
6749414 -14
796469 14
315774855849 11
72447177 13
2129548282 12
859979161 13
15247368685 -12
637879 15
323166 14
4148119699433 -11
426243 14
724611586939 11
71219114349 13
55245287764126 13
65639133 13
445524436 14
72132958661 -12
213534 14
5259316 -14
