88114219241 0
551378823 -1
368622616 2
693894437 0
95981967 2
322116 2
37576472 4
249572 1
7171271486926 2
679991 2
7224175593516 -1
27896776889374 2
2288656129 3
727826 5
1687714194271 -2
149658559543 2
854143 5
6539635262863 -2
61669228869 -2
3613615 -2
8187687183 2
268396 -4
934218158 3
33737771 4
966575462 3
112129977 -1
244671 3
81255812998656 -2
1578285333874 -2
2232788267 -2
75455313664921 2
4472985558167 2
85115113 2
69769497717 2
791211924728 2
262314 1
8797559245 -3
8245452 -1
71265767 3
88242385 -1
199887228417 -2
788546579521 2
67332576 2
95245712 -3
982317641848 2
7659132876657 0
82778519693422 1
789153 3
82839637 3
7971338 -3
28549715539546 2
7912765338579 -2
34675219 3
2912344159644 0
86363512 -2
818539 4
18926712557355 2
383335518 -3
925237 2
1732389913 2
4374318 -2
45613328342 0
38639472762418 -2
4767995 -1
7192289434411 1
466369662 -2
136672945 0
639855 2
12448796962943 0
127582618 0
2236344363 2
8694794 3
7943539887389 0
2162949789 2
527792262266 -2
872784426 -1
29542765146386 2
54694496458 -1
52484896543 2
846839 4
7352143316622 1
54598887472 -2
3718329883578 2
94253566 -3
5329524782359 1
9925446662 3
726893 3
381384853 1
2425334 2
582219896 -3
12569227 2
61867519688396 2
25677147388 0
6116349868 0
991361491 -2
781913 3
23838845388 1
3794589 2
653398971531 2
7984984296 -1
455691 4
91763677393 -2
883426 -2
52279424584333 1
3624417 -2
7735371 2
1555673666296 1
137964 3
553413513791 0
59722242171 1
34925155869 2
38937616677615 -1
878658344 1
6228343 -4
19233348387 0
5838912 -1
879975 4
7865353124469 1
48164481 2
54159972 2
38416211733 -2
223184231352 0
9686624368 -2
7867449745 -1
137313793768 2
959581 2
58788596683494 -1
612745186 -1
9667462723 0
581825721659 1
19785195955413 1
49179115821 2
55239155811856 -1
7937214286379 -2
49971674 -2
1472166546 3
429367 5
2114366 2
8922189142262 2
6938181181957 0
381172833 2
96113179 2
359117 -2
3213156183 -1
1419296222848 0
5374733771 2
691344223576 -1
19729545 1
47542644711 -1
93533757 2
96723364171554 1
65243668 3
3653548811498 -2
8729654346934 2
73314682939 2
8661732881 3
59523554572764 0
5866726264 2
2944512 -4
68188671968891 0
71563367887 -1
8745215421191 -2
7716351459643 1
49711884682 -2
63938924359 -2
388469131 3
537698992337 0
27296199 4
49344442 1
18557441 3
6757855925699 1
425628 3
7621348771 0
48959177445 2
119312 2
9958969956 -2
996697726784 -2
54455291 2
65349648 4
249929 3
51557641826493 0
211571444424 2
511295 2
68871459914624 2
122984127 3
6495715398 2
51965541661 -1
53791818755 0
176394472 -1
2977653872 2
761185665669 2
272881558 -2
385191997 -2
9565483793 0
82481821348521 2
63971825571283 -2
6798944 -2
78255799664285 2
5798217 -4
82113871148 -2
89123735 3
12442366 1
8614687 4
45856369491 -2
91432355278811 -2
6552257 -2
585645967576 0
5291799389432 -1
8852847677765 1
4285928941369 -2
6347866359 3
325911565 -2
86489546479 1
85334732636 -2
145952979 2
932335 -1
63732847652887 -1
859748795 -3
28195419819137 2
9771998223 3
33653724 4
3531255 -2
28667131 2
52378398312 -2
991391917 0
34875462767233 0
9745812165 1
289454967368 -2
983952 4
541736755 1
74567544177726 0
97638993653 2
16289771 3
9396118991527 1
21771298172749 2
88818725554 1
96747349 4
922293 1
38654657242 -2
283499833877 -1
533416 3
5552971223191 2
92642636 -1
5789911 -2
9821439433 0
3642158 2
157842358199 -1
27772544414719 2
4384288 4
6424443724376 0
352452933721 2
9184195125498 -2
9699778471 -3
417516667 1
31345373987132 2
136434 2
2586517 1
29784393 3
16552413556 2
164999556 -1
38662171693613 0
888157816 0
33389974966 -2
772422 -2
16338552826496 -2
16537536818858 2
7893142934326 0
9221222891 2
867291 -2
75997424 2
3527613314 3
862294 -3
486176398 -3
11521255848 -1
5763275622668 2
16249119929759 -2
931162 4
476588628 -2
2543593512581 -1
862618 -3
46631463 4
73274895383 2
41932528198612 -1
559731429671 2
689834 2
298523934 2
183825646 -2
2297582721432 2
621164379 -3
15634734 4
1994742148 1
72166117445596 -2
694556123 0
699557 4
935829339 0
5469928667 2
711666715 -1
33798986871 1
248911 1
3473594513398 -2
183293299574 -1
47889237619512 -1
743655 -2
77785919 4
417761898 -2
6498179 3
564294588 0
82196926439 -1
2423355891956 1
1861247219 2
1823535695278 2
364436566 3
1467141 2
3618246844 2
4911523 -1
8789614 -4
9122966 4
457227621115 0
84976543248 -1
648324133 3
83932178367989 2
99755577136668 2
9317992164 2
848533656669 -2
4375913 -4
8155272 -1
3291116 -3
7122965896 1
1549958692 -2
9277292848142 0
126544374 0
88565332738 0
197368126 -3
816933724 -2
77547899437 2
539884548 3
34514519929 1
43161448943876 0
1565166996492 0
24749651723736 0
2532614758183 -2
5578553 2
81481529 3
612226645 0
7719948258768 -2
45379768298 -2
82381799222 2
12218228 2
8236388246266 0
189739228 -1
672317895 3
76469185428 -2
4167539134376 -2
92328834588 -2
8597956 3
2716715894342 0
3322219413 -3
8682383939238 -2
6129898114149 1
351759 4
3214421 2
5584173 4
682671351 3
49793932771661 2
28254164765713 2
8687216 -3
381773379 2
97439147 4
7887223 1
9873654195 1
744169184 -3
6266865 -4
769632663 2
448316596136 2
792462851322 1
2428849822 -3
8829876349913 0
21954426687 -1
976112917 -2
64813425578 -1
8449984 -2
5316238581 -3
9998662 2
73838137117 1
564816 -2
78591858678 -1
8768244991481 0
28361234217 0
371211 2
24265991 3
3167111528571 2
429196 4
1735888362 -1
86783374 4
259546 -1
992319189 3
61211518548676 -2
6547726 -4
93735828874621 -1
557751368532 2
6238899217287 -2
2578832 2
93267324763941 0
473487996 2
8658184687717 0
434735347793 2
38659779895416 1
278276419 -3
97512895646448 2
458377118778 2
6325669634628 -1
399468132 3
557254756 2
98722195317915 2
461841 4
1258564394 3
196561 5
88537689973 2
13475915894 0
159771 2
97862256881826 0
94424237155527 2
881226455499 -2
597116 4
1752478 2
337756813563 0
742728 -2
9121154 3
7923763617616 -2
698734566 0
34297696 -3
551876723612 -2
42693382777 2
7128366625 2
869168794535 2
22912214889267 1
72548576 2
14997631525892 2
122675963731 0
183241649 1
794195 4
299512671696 -2
288225291 3
53267982993 -2
52431526126 0
15838328 -3
644597197 -2
8449954735 2
1643521791723 -2
9947957541744 -2
42761251883681 -2
32188282562 0
26585523145 -2
62177158561 -2
319197145 3
38517991679 -1
55579253599713 -2
3449219448491 -1
6957958992936 2
1454689865 -2
94576624773927 -2
8486177247 2
99623548752687 -2
2491395981 3
189133652 -1
972432 -3
833784 2
4171236923933 -2
82493158933 -2
78173996 1
8792212815586 1
211689 2
7981521 -2
14441765 1
85769421 -3
2672187682 -1
4435723854 2
691817763898 0
112698 1
51494327552 -2
1235154 4
45123733846355 -2
7326555 4
2888469245 0
93714895536381 2
6679324315 0
9756478212 -2
6516342666482 -2
53351675122 2
9129179478974 0
831771688881 2
254777 4
26251651796485 1
974283761 -2
21145653468 2
25798951 4
5616966631 2
658944375212 2
95874245 4
26516346 3
225497277891 2
333547 2
2188839 2
955768133 -3
344322989 3
995587285348 -1
829335444422 2
745932157 0
5683818296214 -2
16869858 -3
71823925 3
249792778158 -2
9333688246949 1
5138358421422 -2
7622117451 2
4393882344 -3
5571368293 -3
82228897523555 1
59249445 -2
1476741821 -2
746725551 3
5184876 1
45456831273462 2
8952139 -2
55732491211 1
767742992 1
9629745864896 -2
16974277643 2
57188831557 -2
4869247 -2
12528647 3
296481938 -3
427291866114 -1
2618866272 -1
9434733 2
566225431 -2
991178393 -3
99896155562827 1
56919163 3
49153591863 -2
176218268 3
9212531 1
549185 -1
9432722325 0
837198288 3
422597156 3
9856175 -2
172113356 -2
6676216 -1
13942355 -2
94616311 4
47646623789 -1
7127338 2
287875334 -2
112545419 -3
5646225173 2
42397729679 1
71247738116 0
713296 2
597665 4
841136 -1
2378985536 -1
324692849966 -1
63333764842799 1
72292911185739 2
1561416488497 0
637274385544 2
678144148388 -2
95388942 2
9178624117148 2
925477 2
712937 4
22439755 -2
94324682822884 0
4529668 3
551943912347 0
975322754653 1
2982267 2
3127685 -4
6853747128422 -2
196563873 -3
231311155253 0
3394673146351 2
684481572 -3
8932778219 0
9481496747345 -2
7337445 3
146939659 -3
7299789725912 -1
7288779259781 -2
8677384192 -2
3119986216546 1
1357398815169 -1
82497881375 -1
652333653436 0
45781715894 -2
63166862 4
31154273589 2
29298164373 -2
967171446 0
63314312249 -1
45749733482 2
143427212259 0
59777959 4
4369553744234 -1
65714512 3
43879242 4
867932588314 -2
46177798667312 1
96744154743825 -2
189113194364 -2
973571 2
95814928578 -1
18911853 -1
86968379 -3
959918276 -1
71357365 3
5734446 2
386672 2
62149438743153 1
57498175146 -2
14798697935835 -1
9291184449 3
8619718765777 2
8592462 1
21557583855 2
951335598327 -1
1112964876799 1
2671247487 -3
6667846365 2
4319641751 0
5986315 -4
522818156 -3
513723723 -2
5498276624 -2
9893896522711 1
864211287138 -1
83133717 -2
3673349989 -2
12359485 -2
319481213533 2
453665 4
236795329315 1
87172915 2
966366162714 2
933865 5
27194323124282 2
3351912624 1
627837581458 -2
189864768339 0
469488952259 2
4236938111 -2
992691293317 2
9715612725 -1
263937 2
81143772 2
5272191 -1
783613997955 0
89246392899 -2
852449256569 2
3452375491916 -2
52373184877 -2
93722618597 -2
391438912843 -2
59975824 2
849171975 3
3535364 -2
126443 4
527749389 -2
741812477521 2
6733761 3
659268153 2
9647517 -2
913928869489 2
5122341358141 -2
45742716124 -1
7642243922 2
59152973137449 1
94956854567163 2
2886123 3
819547389 3
741817 -3
71115641235 -2
5757643393 -3
299815723 1
2986983 2
328869229 1
89643423 -2
3535799657 3
181113 -2
8398481946543 0
7656896444813 -1
34512276645243 -2
612712494693 2
69471673 3
962829842 -2
926537198 2
69763632341336 -2
54176118136916 0
4222345824485 0
38642864963 0
747744866 3
19541722 -2
5453385534797 -2
8719956136 2
77959735 -4
65497549 4
6369859726486 -2
32223925734 0
16457561158977 1
22728372283 -2
4241355 -4
2676116891491 -2
783553223554 2
168349665878 2
2352645944551 0
59164198 2
835896548836 2
985357 4
59935334774 -1
216558651 -2
9582661 3
91472612831295 2
1827286224795 2
81748624652235 2
59826686246 -2
56348113874333 1
962423 1
72984428548 2
58218182175 -2
473265868266 0
71767778435 -2
697512456 -1
97573927997 1
56395573963839 2
573289 4
132337854193 -1
5682923 4
57634413 -2
3193469256 -3
51778639921298 -1
7911183696949 2
3813946 4
36358543526 -1
719727 -2
3457562784 -3
638383266168 1
28743426959449 2
656476 3
34758719111378 -2
7128528 -2
5432617476964 0
2332992969 2
11894314 1
9586798 3
531323 -3
5165651 4
894377 2
3358542715318 2
94781259 2
26735556348959 1
14432342923 2
233838424494 2
676316947661 2
178943835 2
358257 4
76953669 4
15135325918242 0
763625678866 2
455636 4
197992183 2
84262669939199 -2
477717 4
9984422476 -1
76451722537 1
6249249 -4
9686134715 -2
13334155421 2
15778646 -4
944421 1
47266487872229 2
192468573485 0
11761478 4
3367433 -4
82268231 4
4331156 -4
86343148865 0
3342632548 3
77616649441 -2
872523881995 -2
48751717536883 -2
1235299843 -2
756538 -2
89238799181162 2
1363681766924 1
39711815417 -2
973223973181 1
124493 1
1981185639 2
97828735 -2
897125 1
55791916941154 -2
3659263 -3
2873267233363 2
253794 -2
674592 3
8527943964 -3
49187215615 -2
44234789681385 1
437733153 2
32795212983823 1
8573676994 -1
5591794 -2
36228784493774 2
75255275311 2
835813225 3
5258477128358 -2
335353 -2
961819244277 -1
16547692195333 0
99157577473297 1
18915884179732 -2
3795122329645 -2
9499534523 2
39912949927 -1
4125769228191 2
3723273444 -2
167742715 2
2157538915879 -1
185679193 0
78864832923 -2
39617526425465 0
966119118693 -1
465237 3
38172784834498 -2
9399317 -1
87915843828 1
5628669171162 0
33378263 4
92187958269211 0
692583 3
581468311649 -1
6339474488538 2
52762363622399 2
7188137 -1
271456521673 0
65394188 3
53122238452753 2
682428483195 2
355358927 3
3389529 1
923652871175 0
31546994 3
32283493794811 2
5918765422468 -1
2578899 1
95157119519613 -2
269155 2
67928831981 1
18751395417 2
194668 4
48999719 4
7296813 2
561386681794 2
876595 -1
17343528 3
137686 -4
759669 4
56198759263 -2
2619876873274 -1
3353262 2
5527989614 -1
21547779241755 0
24933673266353 1
365752 4
789169977548 1
8985387 2
9254436452 0
221339591 -2
22269967 3
37949247 3
9914345 4
8416882239418 2
52924429859329 -1
639375421 0
4976572 -1
28972178141 0
6949962213 0
7992395894 3
869124 -3
2494855789 2
712983667545 2
172455315672 2
12388693 -2
5926156171191 0
88389819 -2
925598697 0
411345239919 1
879729465 -1
5428731 2
47118115251 -2
31139271 3
96419829698 0
3388641 2
2974224945977 0
9812549325322 2
8517732589 3
443221 3
2891617923861 -2
9756955429 2
14996968312 -2
911311172 3
7417291948 2
48957225478264 2
43866872351 -2
177487718892 1
1449356523 3
758681515 -3
6529748 3
8386333734 2
1282849853 3
43811959989 -2
3351856554819 -2
7448963213519 -1
48156116888579 0
9855391996155 2
84361163986 2
7528939 4
399279426 -3
5914559 2
469793123483 1
17758187 1
788433644 3
298111668548 1
276376 3
17887491887 2
34547316694 0
582998 3
852146 2
2139823991861 -2
471611325 3
556711846673 0
325194 2
873232 4
271258 2
146193 3
662549 2
9198295 -3
14142498 -4
69932811968 2
543652957957 1
25121785638953 1
43928347775435 2
97844247 2
99575594855922 -2
372154 2
774326429 2
52889182 3
499418 3
725186 1
62639797 1
5842444 -4
149852 2
777194 2
13235138671 2
36149966 1
3331139458543 0
35923911827 -2
986531994 -1
2599335168 2
799597 -2
551938746134 2
83149158 2
415663 5
4331839646186 0
6584359 2
7546125794694 -1
2653175 -2
487563193416 -2
47728113989 0
21273254853178 2
5722699525699 1
1151168446 2
63123774 4
9349921572 2
751182 2
2187841 2
458268233254 2
752858579 3
32312595 4
68773667464 0
5219348995 1
23351188 3
223767219 2
95135797 -3
1385796347 -2
2167111 -1
3532114855739 2
321371289 2
913657624 -3
